$coord
       -0.79121056495301       -1.04084829930329        0.14001906823114      Te
       -2.63048232485437       -7.19689476704876       -4.40123809568276      O
       -2.66496642512167       -4.27831934812592       -1.18937207995828      N
        1.44708385814862       -1.93482103707748       -2.97858839632548      C
        3.60573558475551       -0.71600059902879       -3.82236226035264      C
        4.33861087115932        0.90688164590409       -2.84406219502077      H
        0.55142321699992       -4.04434385286910       -4.25901201631067      C
       -1.74232351847518       -5.35753967022530       -3.33752751177858      C
        4.84012831093414       -1.60247112408824       -5.94701460144319      C
        6.51895835443036       -0.64617011646353       -6.60026457683261      H
       -4.87281320295819       -5.10240339977021        0.02561089124914      C
        3.94459522629885       -3.70407938892472       -7.23694222102694      C
        4.92369029941134       -4.37951607182547       -8.89150345676773      H
        1.80412134220252       -4.92252509428290       -6.38716790963627      C
        1.04516008740184       -6.56685478586716       -7.32383674152491      H
       -5.03194420532329       -4.91955104330798        2.64386555424154      C
       -3.41143318873159       -4.26810386664145        3.70000929679751      H
       -6.94186375433881       -6.02470256523462       -1.31394282609326      C
       -6.82802438492033       -6.19529078812069       -3.33444706922284      H
       -9.10502663515039       -6.73628611841973       -0.03803262798411      C
      -10.69196969070001       -7.45059125516950       -1.10088848876212      H
       -7.21171154267407       -5.62076094493197        3.90113171440519      C
       -7.29184405618031       -5.46915407610466        5.93283787605629      H
       -9.26244308900262       -6.53753474018061        2.56681820760636      C
      -10.96142687264531       -7.09727067343012        3.54308927399822      H
$end
