$coord
       -0.54015685881754       -4.81291134145168        1.52634615277448      Te
        2.16799736715620       -4.75824515514605       -1.22625934493826      C
        3.02426232086710       -7.12245562041077       -1.63043699203388      C
        1.88959686735352       -9.06040982340288       -0.10222322293044      C
        0.16733902778739       -8.54668607567130        1.54233852702191      N
        4.46693366851473       -7.56308362780636       -3.00467984492811      H
        2.48013495848912      -11.01579750578506       -0.31834798726887      H
        2.80339698957245       -3.08951909929294       -2.19584588310950      H
$end
