$coord
        0.47871184695767        1.29261991239350       -3.35554000325324      S
       -1.26402363181268       -0.51488498443516       -4.29511296625020      O
       -0.40258914331526        3.34075724269817       -1.86322044805129      O
        2.98640619330303        1.34593210993084       -4.31605491116324      O
        1.95577658801862       -1.58394916245038        0.66644309832845      S
        3.28151754122573        0.32972224881296        1.67335267232401      H
       -0.55037649769949       -1.39854189626766        2.59910701303468      C
       -2.41762395212235       -1.41224845779476        3.87763712744301      C
       -4.06779894455528       -1.39940682391490        5.01338841758780      H
$end
