$coord
        3.52086363812872        1.31071687462592        0.00000000000000      Te
        3.73206434310422       -1.43483276368271       -2.94992238485066      C
        3.73206434310422       -1.43483276368271        2.94992238485066      C
        3.60840898030401       -0.43521205232242       -4.73239937093962      H
        5.51324157556467       -2.43344832971731       -2.82836405113094      H
        2.15080085942215       -2.72483748409234       -2.77622310584563      H
        3.60840898030401       -0.43521205232242        4.73239937093962      H
        2.15080085942215       -2.72483748409234        2.77622310584563      H
        5.51324157556467       -2.43344832971731        2.82836405113094      H
$end
