$coord
        8.25455369201145       -6.03243645837225        0.00000000000000      N
        4.53377044695337       -4.86687058121409        0.00000000000000      Te
        6.44003413180820       -1.46750726221307        0.00000000000000      C
        5.38964687297305        0.27462860645794        0.00000000000000      H
        8.94489880225455       -1.67815125387226        0.00000000000000      C
       10.20377727674773       -0.07487567337277        0.00000000000000      H
       10.07916382280233       -4.22422026863028        0.00000000000000      C
        8.85884256426546       -7.83297922621258        0.00000000000000      H
       12.34908640307912       -4.64230913459230        0.00000000000000      O
$end
