$coord
        2.32862333185849        3.49464160945087       -0.14460146511073      S
        0.35025053267733        3.43589266985300        2.39483612273077      C
        1.33712900975191        4.73017705301706        4.38367290238179      C
        3.73381555230391        5.78251602099372        3.83620847264034      C
        4.50609729758443        5.25982608971865        1.44100404228788      C
        0.38626266548899        4.92746332659176        6.17220230330269      H
        4.83168992789726        6.87482288547871        5.15645636994840      H
        6.23317186006960        5.82020358498747        0.53351692813347      H
       -1.41806352302544        2.45115052816230        2.24758582851116      H
$end
