$coord
        0.78551247376944        2.02593267039516       -4.03558175974707      C
       -1.47398033008034       -1.52982438267945       -3.17561218694147      C
       -0.85162510915712       -2.60229006771899       -5.47528567046121      C
        0.67314463408420       -1.24752840144348       -7.10721781380490      C
        1.51014307406414        1.11601839200628       -6.37578608918768      C
        1.40285632998278        3.86387916536532       -3.39297453291891      H
       -2.66462117215870       -2.52493753031468       -1.84487101840861      H
       -1.54779227661757       -4.45252620756802       -5.96541599855430      H
        1.20088996068785       -2.02108457802244       -8.91771735962324      H
        2.70322884380253        2.23825284912689       -7.58634936893485      H
       -0.67648623679036        0.73638904315993       -2.46065736235004      N
$end
