$coord
        2.79951889361950       -1.08723068216904        0.00000000000000      Te
        2.64523182622964        2.51483864493210        0.00000000000000      F
        6.43302986192730       -0.67641839562249        0.00000000000000      F
       -1.91780462024311       -0.14507276280621        1.27759186538745      C
       -2.49531834098260       -1.78389749321683        2.34302191109242      H
       -1.52576732966251        1.55337547245276        2.33194773805692      H
       -1.91780462024311       -0.14507276280621       -1.27759186538745      C
       -1.52576732966251        1.55337547245276       -2.33194773805692      H
       -2.49531834098260       -1.78389749321683       -2.34302191109242      H
$end
