$coord
       -0.24039206031297       -1.43432631708131        1.17211056564555      C
        2.13668725088781       -1.59923232248325       -1.62068600523084      Se
        1.06886500088169        1.71512733598010       -2.35183691654594      C
        1.88358205807146        2.69733743363642       -3.94589422403691      H
       -0.69227338678067        2.73783029606217       -0.83517957858500      C
       -1.46522012668444        4.61383001703120       -1.04394404864064      H
       -1.54357365201697        1.11047110096746        1.19933944040260      C
       -3.12236499598281        1.66662184581334        2.78126886357098      O
        0.79605128739383       -1.78293524467418        2.90425507435047      H
       -1.57294925565158       -2.97527872999081        0.95788610989804      H
$end
