$coord
        1.01937496340400        0.25267528012300       -1.85608540912256      N
       -0.94659367349515        0.03072808062200       -3.40064663201225      C
        0.54916272660965       -0.13166364417113        0.58036040417362      C
       -3.36550925342367       -0.55871755984095       -2.64325819626509      C
       -0.57241788527184        0.34667517084954       -5.38493824238834      H
       -1.78493495285925       -0.73174069483859        1.56139641498871      C
        2.14833419991169        0.06016736802702        1.84103903177311      H
       -3.85721504618685       -0.96884387580427       -0.07216240460304      C
       -4.83806869843092       -0.69249656343598       -4.03936707014730      H
       -1.97823088074920       -1.00392777514352        3.56731953134071      H
       -6.20515950486129       -1.56011593656667        0.78594427618891      N
       -8.28531049647055       -1.73318272423778       -0.95995951740198      C
       -9.98482170267462       -2.22590159917637        0.06805432898073      H
       -8.61809712516719        0.05355578323481       -1.93373973578897      H
       -7.95803960038644       -3.18368982126115       -2.38650280846642      H
       -6.62778598119374       -1.91085269577586        3.45141582510369      C
       -8.59697471140925       -2.37229849307810        3.76331474402707      H
       -5.48333836039606       -3.45045149786230        4.20356669592386      H
       -6.18817672515194       -0.20725684655342        4.52636838972323      H
$end
