$coord
       -0.34950522469378       -1.54347614214894       -0.67887976389981      S
       -2.45896643541373       -5.67606056743458       -6.17785768667584      O
       -2.33471202943201       -3.41983869053390       -2.44876512687519      N
        2.02133213214477       -1.92061294223691       -2.89906286285046      C
        4.45140673381179       -0.93536832236968       -2.81774454620102      C
        5.05882007924025        0.19240227640562       -1.24012955674775      H
        1.24950429907938       -3.41198744540394       -4.91213726977586      C
       -1.34417031826486       -4.33255977913567       -4.69290277212676      C
        6.05740748835559       -1.46576474575356       -4.80105671152671      C
        7.95282584600862       -0.71478021389751       -4.76725272369166      H
       -4.78712697334430       -3.88547438859965       -1.52876840372102      C
        5.29043436170436       -2.95462704701051       -6.83460989149201      C
        6.59157788378295       -3.33800428967982       -8.35441759187531      H
        2.88199485649289       -3.93911804409925       -6.89165316428981      C
        2.22237177974819       -5.11103585768009       -8.42362068536719      H
       -5.21394335044026       -3.89316916440649        1.06333037100790      C
       -3.65555330074320       -3.62272554542414        2.34872000227599      H
       -6.79427160866325       -4.28848437392286       -3.17647409102690      C
       -6.46538764235917       -4.29792147721661       -5.17945981709080      H
       -9.18565180025732       -4.70112572638543       -2.21284756008010      C
      -10.72980843278373       -5.01776426740197       -3.50546274815829      H
       -7.62059630857351       -4.28611409044475        1.99787704045859      C
       -7.92162155440321       -4.28855334892641        4.01392228582451      H
       -9.61949134449543       -4.69807362972156        0.36650123248600      C
      -11.49523444065674       -5.01605860060189        1.09608140344631      H
        2.22613724802411        2.32783493811929        2.21117836499423      N
        5.02916347333091        0.82450413776179        4.51365639105553      H
        0.62258746826394        0.62784109586300        5.35191754603194      H
        6.12695715761874        2.65588005499666        1.96885953992460      H
       -1.54625649619609        1.96368546979539        3.22237780626528      H
        4.68775005590276        2.54139969047670        3.43525394242288      C
        0.26571042195802        2.25804716336445        4.14992908754786      C
        3.20453293349788        4.48999513024915       -0.91810775292001      H
       -0.04129429527521        4.34957052679167       -0.24971011086086      H
        1.82015529042470        4.53337454933027        0.60354205248956      C
        4.73873921311510        4.91959280625533        5.14033927377674      C
        0.29533093409838        4.75183331440521        5.67520754506192      C
        2.04935582570983        6.97267876236254        2.19967768077240      C
        4.94170052321465        4.41068200199055        7.12208693484386      H
        2.39519554863968        6.33009572402877        4.85425647035964      N
        0.49798214014088        4.39360983823550        7.68965559390731      H
        6.30826220633013        6.15453449787316        4.65143027567800      H
       -1.44479332111297        5.81277261494763        5.40467737662306      H
        3.65587757774619        8.10930650748394        1.60373497292038      H
        0.36527120975148        8.13905703278167        2.02670783605148      H
$end
