$coord
        3.36232544284891        3.06429919237899        0.00000000000000      Te
        7.14102425828391        3.38059285837778        0.00000000000000      N
        8.14170623983578        1.15667925108451        0.00000000000000      C
        6.62362064686986       -1.09108156606579        0.00000000000000      C
        4.10231082379661       -0.72025134897351        0.00000000000000      C
       10.19016954789695        1.01904652900355        0.00000000000000      H
        7.47189621647109       -2.94654582221119        0.00000000000000      H
        2.67048555924123       -2.16120172303945        0.00000000000000      H
$end
