$coord
        0.06966078515927       -1.73408998175021        0.00000000000000      Se
        0.13018871293086       -5.02992219836994        0.00000000000000      C
       -0.12022305324007        4.41191656006776        0.00000000000000      N
       -1.01644399818472        5.10053578344125       -1.53630746609519      H
       -1.01644399818472        5.10053578344125        1.53630746609519      H
        1.64172224747750        5.14249734101106        0.00000000000000      H
        0.15576974650724       -6.49573664392058       -1.98786583836819      F
        0.15576974650724       -6.49573664392058        1.98786583836819      F
$end
