$coord
       -3.78671560057347        5.78560477834441        1.01796239312585      C
       -1.09130984498164        6.76658542018405       -1.26566939429461      Se
       -2.85144535498966        9.81229802229172       -1.69741833452105      C
       -2.07799745971764       11.22459977036319       -2.94523510817115      H
       -5.00918396593313       10.06635147967740       -0.40862738520126      C
       -6.20361333094613       11.71419095959292       -0.48129434667958      H
       -5.70050871019924        7.92287822227608        1.17075752174032      C
       -7.56288067122058        7.77149925441940        2.48829649664874      O
       -3.00122561454492        5.40459857504366        2.87094695065052      H
       -4.66765262959481        4.07362874964973        0.32153784496723      H
        3.79700005706149       -6.97235354049650        3.69728979193157      H
        5.72128605996683       -5.97403636221698       -3.01116784163177      H
        4.11476128436867       -7.11853217103084       -2.41619153971988      C
        2.82700042475941       -7.78619773318931        2.07202743694474      C
        1.15024681232892        0.22107943726457       -1.93377734133886      C
       -0.01172707341156       -0.38142326585645        2.11673514451884      C
        2.14566193819886       -2.17387479334899       -2.12997721136451      C
        0.91828954457320       -2.81042828253694        2.14851542464704      C
        2.05579412261641       -3.79340466413679       -0.03410105278184      C
        0.07678372984080        1.15614804907088        0.13421250676802      N
        3.01337598660839       -6.17347560076546       -0.11316076876713      N
       -0.88879980148066        0.37031658953161        3.80375904049142      H
        1.21751898366667        1.47068086826676       -3.55091708652423      H
        2.97363466826240       -2.76350883950657       -3.89107062354510      H
        0.75382762481054       -3.91420465076270        3.84827928723397      H
        4.77654394012859       -9.03008330958236       -2.10772209576747      H
        3.69763296619580       -9.58940407000229        1.65060981841421      H
        0.86504688895724       -8.12785738193150        2.60537315589131      H
        2.74865464730400       -7.15167532164010       -3.95997268366534      H
$end
