$coord
        0.49999583229927       -2.15397881184593        0.00000000000000      S
       -1.30124594523455       -0.82119295964623       -2.32935560073178      C
       -3.21904584116235        0.55674695343820       -1.34257028715514      C
       -3.21904584116235        0.55674695343820        1.34257028715514      C
       -1.30124594523455       -0.82119295964623        2.32935560073178      C
        5.10819314267082        1.02612317539502        0.00000000000000      Se
        8.18101802343365        2.39240687979758        0.00000000000000      F
       -0.83767363912427       -1.13390502772104       -4.27966369929097      H
       -4.58538321378684        1.54704243329132       -2.47903287021324      H
       -4.58538321378684        1.54704243329132        2.47903287021324      H
       -0.83767363912427       -1.13390502772104        4.27966369929097      H
        6.09749046918492       -1.56193423104378        0.00000000000000      H
$end
