$coord
       -0.05045625444520       -9.56332490461947       -1.99468888351375      C
        1.79437640252308       -9.65463439226239       -0.14787069130632      C
       -0.50052079821669      -11.19772597514496       -3.12409692997602      H
       -1.32244923927063       -7.31161701651267       -2.37401266364574      C
        2.82694411092090      -11.37659327715560        0.20508895274326      H
        2.29139969562833       -7.49561889337651        1.23487252764167      C
       -2.77386057024463       -7.17109924955724       -3.80514345385032      H
       -0.85872367637165       -5.23060430979059       -1.05494905769998      N
        0.91995703890556       -5.33300573389458        0.71015189667309      C
        3.71553604252784       -7.47490069203662        2.69108905420536      H
        1.26725487451317       -3.60009286254739        1.73490143014813      H
$end
