$coord
        0.16333961141724        0.74879320544194       -3.05533508753424      S
       -1.71322513766305       -0.97964649519566       -3.87271023349090      O
       -0.55012403028924        3.04987170033535       -1.88136729905341      O
        2.72565252296989        0.36200122766544       -3.76414584557668      O
        1.22286766448979       -1.85829657766098        1.66489369127237      Se
        2.79007347553081        0.28092385109689        2.48495149243555      H
       -1.40325865267471       -0.98286583262156        3.61919931647559      N
       -3.23532545378073       -0.62078070111619        4.80451396547171      C
$end
