$coord
        1.41729345962966       -8.18513271309739       -2.10678233496569      H
        0.43244757197472       -3.91115803430459       -2.78324759579607      H
       -0.22020524995932       -7.60591634911962       -1.00696758858758      C
       -0.95268728435660       -4.83365184155984       -1.57585357573251      C
       -1.75918233215076       -8.89180883650947       -1.46051300788062      H
       -2.77495453269818       -4.70420049976280       -2.51884089589143      H
        3.99389251171182       -6.49892045449534        1.15263637101350      H
        2.68066778154591       -2.28904660865795        0.76166016165187      H
        0.37423701534975       -7.89466083178325        1.66501312196345      N
        2.35859117566055       -6.10922434561052        2.33622343238648      C
        1.40912946482607       -3.37273556612422        1.96153193790377      C
       -1.09174693863427       -3.40643013881665        0.78492080051982      N
       -1.87049287006928       -7.33090677387496        3.15056991428322      C
        2.91018295623079       -6.44593007731702        4.28792784957916      H
       -2.86555480612653       -4.66126478837575        2.48588350536021      C
       -3.28978509302095       -8.76859151222494        2.76892744019631      H
        1.25016589219561       -2.36569824664264        3.74635256233248      H
       -4.68713721772054       -4.76788899447782        1.53638551178414      H
       -1.36910752215057       -7.46400207455810        5.14000233560872      H
       -3.09649086588451       -3.49652831201369        4.16495165434814      H
$end
