$coord
        4.40074808969864        1.17715197700081        0.00000000000000      S
        4.36926676424336       -1.02446626352896       -2.58273480383620      C
        4.36926676424336       -1.02446626352896        2.58273480383620      C
        4.36784871375945        0.06878792066231       -4.31711882697140      H
        6.03999649670640       -2.21643407129202       -2.54708927789271      H
        2.67310755423914       -2.17909988608357       -2.52869789633006      H
        4.36784871375945        0.06878792066231        4.31711882697140      H
        2.67310755423914       -2.17909988608357        2.52869789633006      H
        6.03999649670640       -2.21643407129202        2.54708927789271      H
$end
