$coord
        0.46997091876824        1.36261650188511       -3.61290444978187      Te
       -1.55020205537169       -0.80723695427069       -5.20403494945104      O
       -0.90160099522145        3.86516531296574       -1.83129201339493      O
        3.67378008716039        1.65899415528392       -4.62296722078897      O
        2.21928888054848       -2.06854693936841        0.69003160467903      Te
        3.74226829725934        0.40566901895317        1.86105576677554      H
       -0.75972338134674       -1.63984121409306        3.01136531801179      C
       -2.62395615568299       -1.47683343858330        4.28781786751871      C
       -4.26982578508620       -1.29998644277249        5.42092826540435      H
$end
