$coord
       -0.95653552263678       -9.23152868138473       -2.29779547369710      C
       -0.47391005287501      -10.36410938903764        0.00694890090545      C
       -1.42367714345124      -10.33473151773168       -3.94418496675719      H
       -0.82904836217367       -6.62943760182666       -2.45879276958288      C
       -0.55729157250732      -12.39125394079651        0.20111504767579      H
        0.11735803946253       -8.85844364308056        2.05810695842033      C
       -1.19024910185272       -5.65199490523754       -4.21409813961637      H
       -0.26690265017004       -5.18225226538515       -0.48788665626532      N
        0.19966695054650       -6.27013717073853        1.72313901885804      C
        0.50660836195455       -9.66407924343324        3.88710200971078      H
        0.64915890730223       -5.01110109308656        3.26553196999234      H
$end
