$coord
        1.65550628777571       -0.34906454056151       -1.13395321573722      C
        1.65550628777571       -0.34906454056151        1.13395321573722      C
        1.61058711984826       -0.29112345888191       -3.87210363140490      C
        3.43734246773581        0.26744726923916       -4.62917534905357      H
        1.13685602403725       -2.13429504658666       -4.64636580966402      H
        0.20574846716075        1.05584025254035       -4.53823020060748      H
        1.61058711984826       -0.29112345888191        3.87210363140490      C
        1.13685602403725       -2.13429504658666        4.64636580966402      H
        3.43734246773581        0.26744726923916        4.62917534905357      H
        0.20574846716075        1.05584025254035        4.53823020060748      H
$end
