$coord
        3.09468353181892       -4.54801444659031       -0.00095279991203      Se
        4.21993796025928        3.16405499990851        0.00009108479921      C
        2.92374325295584        4.73679506287809        0.00003949527600      H
        0.08450382797771       -2.29067063928945       -0.00099059443453      N
        3.21867337614319        0.73688604113071       -0.00036169358025      C
        6.79907680425294        3.49778441296873        0.00065573496524      C
        7.59707243085640        5.37423313286498        0.00098851573579      H
       -2.29517158897307       -3.31728646628516       -0.00094580792537      C
        4.80008671510694       -1.38003429654835       -0.00029007296013      C
       -6.81426169852733       -2.15987834783438        0.00013303671917      C
       -7.20891040163955       -4.16045335028109        0.00007917952462      H
       -1.19279777547700        1.98237448322266       -0.00048150221655      N
       -2.63443487601662       -5.59699518227091       -0.00121717259687      O
       -8.07458146713575        2.18294510080195        0.00039230714347      C
       -9.55853596067445        3.58380890355893        0.00075418969634      H
        7.40259334543982       -1.02702306297557        0.00033108001703      C
        8.64114498087351       -2.64193425414218        0.00051268269761      H
       -3.63280704532637        1.16038897243976       -0.00033939481198      C
        0.52898045159870        0.21928400847357       -0.00064590838940      C
       -8.70435386309811       -0.38449501567202        0.00051495036896      C
      -10.66067752682981       -0.95836572238847        0.00079387394495      H
        8.37335491531535        1.39168143454484        0.00080483435648      C
       10.39948468414531        1.63754255123507        0.00133565842488      H
       -5.59927816040206        2.94475700746162       -0.00005404616716      C
       -5.08971124322681        4.91841569585230       -0.00007351034625      H
       -4.28863347331410       -1.41644912999718       -0.00036736275863      C
        7.67081861492448       -7.64935151512141       -0.00070675757061      I
$eht charge=-1 unpaired=0
$end
