$coord
       -1.31580874166871        0.67149244653344       -0.23421076615933      Se
        1.97402699601237        7.46262805469289        1.47804758761837      C
        1.23658178492139        9.36218510153144        1.50781115202636      H
       -3.37214861718991        3.59347069528889       -0.43067293017108      N
        0.35993707981952        5.50719558580156        0.80603905688029      C
        4.44750104785743        6.92899906580023        2.08256492776085      C
        5.72132385448932        8.42989816658057        2.60785247656681      H
       -5.86463860508180        3.32810306964987       -1.13508157120623      C
        1.22085435027662        3.01596604523479        0.73825401387232      C
       -9.75217827536305        5.78457260993514       -1.88596386887893      C
      -10.66367274273733        4.02011699703363       -2.34337623474079      H
       -3.42159197843232        8.00527103719998        0.08772921252722      N
       -6.72499670557863        1.25016362452426       -1.61880591670946      O
       -9.75931331429178       10.27763495465717       -1.34680705312654      C
      -10.76434752408126       12.05124912522165       -1.40539876751084      H
        3.71319826233908        2.48277490588521        1.35018153706727      C
        4.39672127229969        0.56991947836248        1.30895489398733      H
       -5.91719680189542        7.96401396952943       -0.58951669416524      C
       -2.27307823393229        5.84987474178798        0.13738762460261      C
      -11.02568606464997        8.04136782974203       -1.95758203235809      C
      -12.99396980502439        8.09580498124136       -2.48192339529346      H
        5.30133241226504        4.44418930282403        2.01561212013816      C
        7.24049944148393        4.03041562646759        2.49194574676799      H
       -7.25723164350915       10.24764972537475       -0.67532896851164      C
       -6.26023802940732       11.95927917829818       -0.19863856158948      H
       -7.20726010381492        5.72305522156470       -1.20747187677990      C
$end
