$coord
       -1.30412777757460        1.04533167453395       -2.09223673503927      C
       -1.68006856999830        3.93542948767660       -2.34067033590294      C
        0.16977601859770        0.36454612183747       -3.35333885026328      H
       -3.02177015005395        0.00516367663553       -2.53085596356438      H
       -0.46806890942381        4.72125244344832       -3.80323199587527      H
       -3.62307231016800        4.39347075439273       -2.83076003488434      H
        1.82053455845791        1.68822613973306        1.08734746724354      C
        2.33398202823007        1.19655984224589        3.01588913338152      H
        3.27354686540469        0.92540870980248       -0.15101387276941      H
        1.51379364699169        4.57657198778558        0.74134277122301      C
        1.96763802095764        5.58560542497259        2.47366378034797      H
        2.75566250766454        5.28621101278844       -0.73513218631445      H
       -2.77623009783229        4.23357705856373        1.99512767791988      C
       -2.30312412342331        5.17028859826279        3.76255450720714      H
       -4.69733380194377        4.77162177049179        1.50049299863616      H
       -2.51693718579349        1.33248670855416        2.23183760687903      C
       -1.98638826151135        0.76416404876699        4.13603279751785      H
       -4.27116522296333        0.36691980682260        1.76287315624476      H
       -0.56622959913155        0.43419726939350        0.49653744451861      N
       -1.07992235535468        5.17207571225884        0.04264922890656      N
$end
