$coord
        2.18362710296032       -0.33033281932383        0.00000000000000      O
        3.37488286191963       -1.20311095580211       -2.21351520031993      C
        3.37488286191963       -1.20311095580211        2.21351520031993      C
        2.32920801312144       -0.46029533203757       -3.81111366559583      H
        5.32574918557604       -0.54178372403823       -2.30421184978064      H
        3.36340220879472       -3.26433728513636       -2.29751428244976      H
        2.32920801312144       -0.46029533203757        3.81111366559583      H
        3.36340220879472       -3.26433728513636        2.29751428244976      H
        5.32574918557604       -0.54178372403823        2.30421184978064      H
$end
