$coord
       -1.52282011279855       -0.32147567297773        0.68002342615043      N
       -3.53612109788629        0.55113635657420       -0.53307303146679      C
       -1.87385714948894       -2.12467615163972        2.38634463838979      C
       -5.95972622216568       -0.33055467317086       -0.10745511867907      C
       -3.19312597969183        2.02546893160418       -1.90497337985694      H
       -4.22065624515925       -3.12975571485620        2.94733856232046      C
       -0.20064223819941       -2.79201290145251        3.34972607185823      H
       -6.30620977478618       -2.21144708404915        1.67119536098015      C
       -7.52995937445834        0.44582758882748       -1.14710004038620      H
       -4.39913596434173       -4.59346160399698        4.35267742551316      H
       -8.16796417330999       -2.94660723831024        2.05739850009621      H
$end
