$coord
       -1.28907875460857        2.19115350416946       -2.82021895358860      C
       -1.48254437990451        5.07179701751063       -2.33770195410639      C
        0.19052521144603        1.75762973316677       -4.18300288520835      H
       -3.05389379341899        1.43023676077502       -3.55297651005484      H
       -0.10203689593456        6.11359017987623       -3.45067448554500      H
       -3.34631795079248        5.79034062098532       -2.82760986143460      H
        1.68987813831121        1.83593299178438        0.51786111410882      C
        2.12230265562720        0.80551976014125        2.24390350818473      H
        3.16544791703497        1.39757945875239       -0.84727080222077      H
        1.49066339922633        4.71460741050370        1.00013074844132      C
        1.82072012956335        5.16750937805131        2.97889245325893      H
        2.86648965364038        5.76091720727976       -0.11437359499392      H
       -2.89214174091904        4.27546737345864        1.84319634311697      C
       -2.55718665149439        4.73478779578852        3.81966392041929      H
       -4.75445946680060        4.99267777515241        1.34567057183519      H
       -2.69364453084368        1.39518990006781        1.36752374268553      C
       -2.24447458341959        0.37272882492969        3.09447698475350      H
       -4.45443331917298        0.62744463132205        0.63268918823571      H
       -0.70208030947700        0.88691461069873       -0.46702729238392      N
       -1.02402293378012        5.60862153328002        0.32224233486649      N
        0.37220007956002       -4.86843149499303        1.87125802017714      S
        1.32502436906065       -5.13485585548093       -1.19092335613399      C
        2.47961830736665       -7.38873541685014       -1.62401872622422      C
        2.59615242623884       -8.91889106851924        0.56668086573010      C
        1.52032435150576       -7.78619470962751        2.60751459353573      C
        3.21812327686831       -7.93790967078915       -3.43913751858158      H
        3.43640006131746      -10.77144930383020        0.62354159098426      H
        1.34294672059916       -8.51670235816978        4.49308558835336      H
        0.95949804628234       -3.60747640046151       -2.47339562821088      H
$end
