$coord
        0.55400420494093        5.19432969402021        0.37664641615864      C
       -0.06521161397146        4.30340281681368       -2.84547174173712      S
        0.80547969794740        7.26591247840782       -3.89216401908081      C
        0.72947944855787        7.62665854998129       -5.89574311914783      H
        1.51949306098354        8.94447947202750       -2.13674828904164      C
        2.10206860212044       10.85458667084720       -2.52112708655700      H
        1.43157582070692        7.93818424799506        0.41509950820548      C
        1.95997650433059        9.02473557362229        2.35253290267763      O
        2.00927530152447        3.98208493596736        1.16139317290238      H
       -1.14281773201520        4.96332579309436        1.50193958398455      H
$end
