$coord
        7.12443586441676        0.95623959152566       -4.08240917311517      N
        3.43752350349855        0.20882097286677       -3.06000422284295      Te
        4.98499566051060        1.38274643148241        0.32004571721923      C
        3.85289853377299        1.46596637953105        2.00753410787324      H
        7.41956875521729        1.99354522126313        0.19088879475241      C
        8.50173440445450        2.64002355205758        1.79253486441464      H
        8.73252344351999        1.78134371733202       -2.25928965829139      C
        7.85991840595471        0.74393207395897       -5.82048345342653      H
       10.95901161368544        2.28201191418644       -2.58940704883701      O
$end
