$coord
        0.24688459235932        1.85618896611419       -3.83068348036979      C
       -0.36321632156357       -2.37223121882806       -3.42541338260153      C
        0.02768429875308       -2.77596742590097       -5.97843205415546      C
        0.55446095174525       -0.71771684829517       -7.49744210114154      C
        0.66728421542652        1.65066839992407       -6.40250606069937      C
        0.32287331441950        3.67768199366251       -2.90701879880773      H
       -0.77588488608234       -3.94146300524729       -2.18310402676903      H
       -0.07937511127549       -4.65954230301316       -6.74662915641761      H
        0.87246122940719       -0.95551960587218       -9.49697208504134      H
        1.07366830674525        3.31089408972340       -7.51069134894648      H
       -0.26010681708068       -0.10704032379471       -2.35664948206751      N
$end
