$coord
        1.66920699115182       -0.03990704732712       -0.69940880365462      N
       -0.34725966313989        1.00194677524708       -1.77362966631871      C
        1.20398797769655       -1.68931651170697        1.13574562096642      C
       -2.81018412992164        0.47858447941687       -1.11992256617975      C
        0.02424235158969        2.35739932539376       -3.25790050001067      H
       -1.17170862089884       -2.36341130008662        1.95384094154918      C
        2.84055580819654       -2.53174753634998        2.02435115860146      H
       -3.29748875054057       -1.26807048030855        0.81229971953116      C
       -4.31964935922488        1.42478301117936       -2.10024048106748      H
       -1.35563169618329       -3.71674716800111        3.46032588378128      H
       -5.68764213193454       -1.86232433992299        1.53703841216019      N
       -7.81063038019975       -0.64923185073064        0.34125694810503      C
       -9.54256172779781       -1.36752506549381        1.16094039452292      H
       -7.77263743646426        1.39481403354162        0.60715804342902      H
       -7.85646152995495       -1.02740951196805       -1.68369457648622      H
       -6.09142123579047       -3.63013629539445        3.56685843816631      C
       -8.10272950467981       -3.86363539069525        3.86267786646790      H
       -5.29017943765015       -5.47795717628359        3.13190055400764      H
       -5.25398967058276       -2.97184339686887        5.33199170685611      H
$end
