$coord
       -0.88720808516589        1.32459672403865       -2.29438867543964      C
       -1.49966643242925        4.18716444007999       -2.31556967070745      C
        0.72795160498611        0.90081864860585       -3.49738549178382      H
       -2.47683530770292        0.20305315078920       -2.96170671696379      H
       -0.24915642110634        5.20966160898709       -3.58777147026964      H
       -3.43100338145077        4.53266646895137       -2.93040472651774      H
        1.92634523746334        1.91968716540846        1.15642716161949      C
        2.35700021523624        1.28195070766650        3.06339571431880      H
        3.52440233926968        1.41832411625802       -0.03723705328565      H
        1.37517977910681        4.79150320110369        1.07283153601727      C
        1.59156362489693        5.64954997757750        2.92864444663266      H
        2.65302089937010        5.76190043178240       -0.21306189623564      H
       -2.94736879793846        3.95485001408671        1.92083196149476      C
       -2.70837362317681        4.75876936517302        3.79802296581275      H
       -4.86692254868252        4.36532857499965        1.30896358672750      H
       -2.42201473077290        1.07822292465081        1.91888233105198      C
       -1.97391436833534        0.38627986199673        3.80346065273635      H
       -4.04145124909014        0.00917008499233        1.23882167729690      H
       -0.28126419077193        0.52492547728049        0.27116020312881      N
       -1.20321583560203        5.22787063197871        0.21360122407161      N
        0.59089940677063       -4.77422165569404        1.86708739462010      Se
        1.54313485761083       -5.13104730144937       -1.45903826561297      C
        2.27574312571323       -7.54497249262800       -1.88099105458199      C
        2.10334038780231       -9.07474906523650        0.32385578303169      C
        1.30476196966202       -8.07029065499719        2.41558512660649      N
        2.91922510676449       -8.24432649422500       -3.68168518948490      H
        2.61228086076725      -11.05631720232178        0.33549706287719      H
        1.48354574577795       -3.59036870985532       -2.77782880613372      H
$end
