$coord
       -1.05190546480367       -0.58523570860253        0.02926410979326      Te
        2.26701353588055        6.79547309653329        0.60746739159563      C
        1.41359810019296        8.63517628090890        0.80844278851081      H
       -3.24122196620739        2.67323851225958        0.43370197217624      N
        0.68269209738362        4.70682797496648        0.46902945721296      C
        4.84799920921580        6.48077341452061        0.48790082921125      C
        6.08302480467356        8.09786969600512        0.59460270305705      H
       -5.81324221188960        2.38400213388571        0.50352697453574      C
        1.69091578692624        2.28095007707701        0.20509745651082      C
       -9.80539901015596        4.77910527491790        0.87978410711270      C
      -10.78960201298330        2.99902540641802        0.75317699210583      H
       -3.20377874380154        7.08987352948791        0.83540370010338      N
       -6.73072692210632        0.26952955845588        0.33985231467660      O
       -9.71170941245907        9.28545333915906        1.29254545718419      C
      -10.71281677136160       11.05074780148730        1.49475862471100      H
        4.29093062439119        1.98351795650066        0.09165700827724      C
        5.10989559693649        0.13427845820977       -0.10193163818941      H
       -5.78730402007567        7.01551034984013        0.92949902199922      C
       -2.05940708999407        4.94187003164803        0.59483684012389      C
      -11.07224853841539        7.02645677738961        1.13679574177387      C
      -13.10804557918107        7.05667387606751        1.21895234093219      H
        5.85403043850863        4.07055114168317        0.23190624515036      C
        7.87535898017376        3.81530224355106        0.14234626595361      H
       -7.12281542426490        9.28836540711711        1.19186632947017      C
       -6.05304713429564       11.01826681091210        1.31087787929174      H
       -7.17342077810134        4.75088240421930        0.77474273561261      C
$end
