$coord
        1.27267706568254       -0.24924183672718       -1.13958951287651      C
        1.27267706568254       -0.24924183672718        1.13958951287651      C
        1.44241869126477       -0.18204336470829       -3.87566652104026      C
        3.40631996778359       -0.03268508099666       -4.46256103123498      H
        0.64520654511258       -1.88054980353190       -4.70880708513679      H
        0.41904034306576        1.43432971858833       -4.62243942028236      H
        1.44241869126477       -0.18204336470829        3.87566652104026      C
        0.64520654511258       -1.88054980353190        4.70880708513679      H
        3.40631996778359       -0.03268508099666        4.46256103123498      H
        0.41904034306576        1.43432971858833        4.62243942028236      H
$end
