$coord
        0.20205688717630        0.75660722296724       -3.16436907239042      S
       -1.62428498863518       -0.90160534159153       -4.22103740291859      O
       -0.56622638659713        3.10922289564914       -2.12869049684626      O
        2.81270218998269        0.34530625324487       -3.70489990800803      O
        1.12423624400442       -1.98495792780763        1.53123544117671      Te
        2.92238510679008        0.40751622623999        2.44134965258957      H
       -1.57750992068074       -1.05095757817956        3.94940892565609      N
       -3.29335913204044       -0.68113137257729        5.29700286074092      C
$end
