$coord
        4.10971344794458      -10.74330844724541        3.05894503135010      H
        2.54124756752367      -10.94221629480765       -3.75903999456057      H
        1.23621857956024      -11.51706739143755       -2.27235635855269      C
        2.29394043240288      -11.38284883754593        2.32556159759138      C
        0.46262819893842       -3.63474911686465       -2.09901404881260      C
        1.42270261168877       -3.51305982512449        2.07052245905909      C
        0.71110394069467       -6.21771749084984       -2.19590616537288      C
        1.72077931784622       -6.08970139604446        2.19287296597025      C
        1.36605920493895       -7.54824360854972        0.00455972016610      C
        0.81152644360096       -2.26506655105435       -0.02221505340320      N
        1.63711509518568      -10.09381222382994        0.01649825393100      N
        1.68812598424846       -2.37622118656759        3.74663091899064      H
       -0.04811866322905       -2.59605397150775       -3.78183160340439      H
        0.39379870430137       -7.17656263675613       -3.95998704558388      H
        2.21763385840854       -6.94511294943748        3.96868432109984      H
        1.54310499993806      -13.50285812154829       -1.88828010618988      H
        2.42757165941496      -13.39062615317141        1.95676453683658      H
        0.87272522414680      -11.09141697536048        3.78865238087860      H
       -0.68474887529765      -11.28901958908844       -2.98170209806101      H
$end
