$coord
       -0.61080389204125       -0.27537467033194        0.04862605469351      Se
        2.46941548704721        6.79458662600823        0.54152294183303      C
        1.63201453540272        8.64116198840864        0.74610166852264      H
       -2.86483538739089        2.45473080327801        0.40823526703040      N
        0.88636885779394        4.70649859570296        0.42944271846396      C
        5.04537127635655        6.45478098756690        0.39058635886212      C
        6.29587051624055        8.06068933450321        0.47589483222370      H
       -5.41945994820552        1.95565016534089        0.48330917267365      C
        1.88690551940683        2.28358983550049        0.16512086726231      C
       -9.55788778461371        4.05793173959557        0.87586746074682      C
      -10.40432691836704        2.20847870225259        0.74983973576975      H
       -3.14973427739091        6.86460438043244        0.81656350858614      N
       -6.18280971398541       -0.20837632030965        0.32138326537024      O
       -9.80458737278543        8.55730085628590        1.29553991720126      C
      -10.93578423399728       10.24102358969138        1.50489870612310      H
        4.47849331219165        1.94430878503136        0.01603546000308      C
        5.26703501693886        0.08233045396179       -0.18270457987929      H
       -5.72123106893660        6.59244318937542        0.91812967374305      C
       -1.84617549635244        4.81694741850865        0.57059940182212      C
      -10.99016185912368        6.20219395765393        1.14010899858817      C
      -13.02190864988646        6.07707292327146        1.22815625202216      H
        6.03703605175957        4.03427180159749        0.12988408907957      C
        8.05650623675375        3.77743761221942        0.01541922031384      H
       -7.22362362027323        8.75658135783992        1.18681528051167      C
       -6.28735522135040       10.56213945881499        1.30340306760581      H
       -6.93119606139271        4.22947918746249        0.76329364091399      C
$end
