$coord
       -6.36887328205121        5.95033201565496       -1.08202486464093      C
       -4.02791816442129        4.79365446532396       -1.29869651571983      C
       -3.72441945606707        2.28216819453694       -0.59213094128604      C
       -5.76508896667247        0.93255300838922        0.34076505239479      C
       -8.09205311899354        2.10101942617605        0.55129566048651      C
       -8.40273562121050        4.60852895730642       -0.15755686050329      C
       -6.52502569809868        7.89991710499888       -1.65895277028179      H
       -5.56098475021275       -1.00986227106528        0.90396674335686      H
       -9.67987470821849        1.04536909111122        1.27536236650563      H
      -10.22811373669843        5.49783161490884        0.01466786520669      H
        0.29038325315890        4.75523992369007       -2.31099067533488      N
       -1.82461731175016        6.19715670369614       -2.30143981052843      C
       -1.92896798835170        8.38521918284355       -3.02859810848743      O
        2.60881661483560        5.73311480064389       -3.36629197798449      C
        2.38303327130162        7.77598414143096       -3.47746532178636      H
        2.87141541375681        5.04587942371146       -5.29321358191584      H
        4.88054993068500        5.04896345674684       -1.80817215912326      C
        7.02813655494178        4.05583225387112       -2.93193918413093      C
        4.86709923807517        5.41693735280176        0.79233778658634      C
        9.13343847846145        3.45586877574375       -1.49713325455919      C
        7.04800230082685        3.74818030544021       -4.95007427761807      H
        6.96256759376015        4.81952613877830        2.22954820367905      C
        3.18840638869559        6.16444478858851        1.67889467212969      H
        9.10509164172908        3.83687781363368        1.08787337802402      C
       10.79131429382482        2.68567139837868       -2.40007633327435      H
        6.92797955855600        5.12018647849334        4.24588956912869      H
       10.74113960857218        3.36955912548135        2.21071424825802      H
       -0.00873639284673        1.04610173792974       -1.07575796589385      Te
$end
