$coord
        0.50304906279882        1.33282818206488       -3.53813951436000      S
       -1.11531616977837       -0.45077772641092       -4.73580352358051      O
       -0.57231357238976        3.27239413246868       -2.01859448590803      O
        3.01737351325241        1.63700832565964       -4.46046759263412      O
        2.13913085573956       -1.93229560708454        0.49485615518553      Te
        3.74365384445391        0.40992600499410        1.81408643497548      H
       -0.80640982114594       -1.55463573080527        2.87705133295088      C
       -2.64422838165747       -1.42768033927363        4.19739636218175      C
       -4.26493914230054       -1.28676724161293        5.36961502016163      H
$end
