$coord
        1.96648075267892        2.86912544363900        1.14370080103323      N
       -0.03346553788613        1.66089125134043        4.30465438242602      H
        4.42649844273578        1.31280558891147        3.74470169759001      H
        5.79110369239444        1.96614041300388        0.80656062129069      H
       -1.66573027302774        3.72299327976082        2.29720247763920      H
        0.10652291678179        4.82300266792977       -1.71132426215430      H
        3.39913258344121        4.68562505887562       -2.01582490329979      H
        4.50307392475765        2.69873337432467        2.22939173435593      C
        0.15818557238495        3.37004648584889        3.17704100886429      C
        1.87161744608604        4.95669833460270       -0.66825099931188      C
        1.00726011819167        5.62583391471351        4.80277692921795      C
        5.38728433737205        5.29417923196552        3.20862759206471      C
        2.13464521283755        7.52107161454902        0.68376999716510      C
        3.07931514513783        7.01519533249516        3.36018211547837      C
        1.72966140857717        4.98899488790814        6.62099808495411      H
        6.27519275503973        5.10671877834839        5.05302372229820      H
        6.78646515004245        6.11531020859486        1.94284859365487      H
        0.32612326540862        8.49915851877403        0.75793078714493      H
        3.44217600921736        8.74102418751898       -0.32990007204129      H
       -0.57769778006403        6.87749117876668        5.18459269119049      H
        3.55616636775320        8.77729445691927        4.30065458811065      H
$end
