$coord
       -0.79870994307856        2.39036616455560        0.17613589187011      Se
       -0.08057981167994        9.84209427896167       -0.38897196583386      O
       -1.73098818528926        5.86209560063590        0.20358813225508      N
        2.47629522397650        3.58702483947781       -0.58661615353656      C
        4.65631616257321        2.18297609231039       -0.96749782388570      C
        4.62326541957144        0.15524421367198       -0.84733694263513      H
        2.54402149650200        6.20348596340533       -0.74588964125146      C
        0.15583569794899        7.55536617528602       -0.31455662974504      C
        6.87812915030635        3.44318323324178       -1.50813089368665      C
        8.58067676844746        2.36154236094937       -1.80963896454119      H
       -4.26091931688825        6.50588806368943        0.66547177910040      C
        6.95798311818182        6.06512890930079       -1.66806786424390      C
        8.71536813181546        7.00620420456682       -2.08994071779785      H
        4.78506509316972        7.44755994549300       -1.28426033093601      C
        4.75563374261444        9.48367805072725       -1.38644084605604      H
       -5.37478455494814        8.60253712025707       -0.46899544214271      C
       -4.26156881575728        9.79697782362681       -1.67545593750072      H
       -5.71051462105649        4.98390509956409        2.24507154790236      C
       -4.84973624546955        3.38258784224754        3.16808540778710      H
       -8.22725603122347        5.53376173360669        2.67291725881840      C
       -9.31862842613984        4.33087187576116        3.90529402516728      H
       -7.88760213778995        9.14200706362831       -0.01051273540388      C
       -8.72577145207672       10.77501408319168       -0.89847803382790      H
       -9.33185405236822        7.61949403132502        1.55173840271100      C
      -11.29280433257083        8.05666761936480        1.89312895445304      H
$end
