$coord
        0.30360150945540        0.08536970048802        0.00000000000000      O
       -1.21571202754631        0.03307946683887       -2.06133857906605      C
       -3.65802392867853       -0.05556380621483       -1.34759393508483      C
       -3.65802392867853       -0.05556380621483        1.34759393508483      C
       -1.21571202754631        0.03307946683887        2.06133857906605      C
        5.60554090175166        1.01708272561484        0.00000000000000      Se
        9.70673111795637        0.74570369220080        0.00000000000000      Cl
       -0.27696506383842        0.07287010703671       -3.85551013527722      H
       -5.26710625961375       -0.11276846162366       -2.57978777594485      H
       -5.26710625961375       -0.11276846162366        2.57978777594485      H
       -0.27696506383842        0.07287010703671        3.85551013527722      H
        5.21974065224537       -1.72339110832306        0.00000000000000      H
$end
