$coord
        1.81547973004717        2.88831428962623        2.17850896872440      N
        3.75600225981524        0.50283911422638        4.60055960429367      H
       -0.48389763338886        1.71375104844354        5.13779967083786      H
        5.55268337231991        1.63699301887803        2.06387100104565      H
       -1.83711577136578        3.96930698585790        3.11171223187310      H
        4.15869571601258        2.17088789223642        3.47118406112074      C
       -0.10928966480085        3.44735518160711        4.09639144568385      C
        3.64017433159582        4.75339385023892       -0.76994302022869      H
        0.47059093790973        5.59164291096814       -0.31838861638055      H
        2.22743095452902        5.16869291352316        0.65869729991625      C
        5.09098869808705        4.40735929654562        5.10690718404302      C
        0.83634383885038        5.58451524197130        5.84589138808989      C
        3.07536996390746        7.35883598113378        2.39943760584423      C
        5.31732006219717        3.84328757567578        7.06990498250165      H
        3.29099225006935        6.48223927507548        4.99650390363693      N
        1.02408510576962        4.92606681898567        7.78330512941035      H
        6.90972234754820        5.09827189154395        4.44504175827884      H
       -0.47322105872998        7.16778580377033        5.85037041695047      H
        4.89795733185455        8.10446446223482        1.81215948124621      H
        1.72564555158973        8.90758634889654        2.35167496701706      H
$end
