$coord
       -0.56763687817655        1.32069878596139        0.01142150469721      S
        2.07435368980414        8.11893504003410        1.58307232952856      C
        1.22373712747973        9.97051477515773        1.59091525986357      H
       -2.79997053816329        3.66434808612719       -0.28404605659999      N
        0.60258112675519        6.04986332372088        0.92640176088097      C
        4.57070949042917        7.73986297142190        2.20342122822527      C
        5.74867027021132        9.32023922868846        2.71841430499476      H
       -5.23280565175316        3.02259596037041       -1.01346654570277      C
        1.62225580072256        3.61846780349275        0.89045822512762      C
       -9.39728752018672        4.89537539905048       -1.88333828340139      C
      -10.04654639400093        3.00806283263641       -2.29473940860837      H
       -3.47238006878501        8.04619267848341        0.09321546541221      N
       -5.77927041637468        0.83543336880354       -1.43734723326413      O
      -10.04070562849496        9.35683585379048       -1.48857714158475      C
      -11.28332300968577       10.96889696001594       -1.61396103687115      H
        4.14214020338001        3.23579164921568        1.51910925760763      C
        4.92422565882245        1.35975923598469        1.49511975137341      H
       -5.92517239100438        7.63020103057450       -0.61235913664182      C
       -2.02926047810061        6.08617289942457        0.22866196333961      C
      -10.97177671365725        6.94739573859602       -2.04247174241045      C
      -12.91917255528579        6.70909050284248       -2.59204529547959      H
        5.58328219567499        5.30842871180822        2.16799302078611      C
        7.54265663326227        5.03248920233763        2.66013156083183      H
       -7.57050741688693        9.69870979747520       -0.78790581190627      C
       -6.82962214835869       11.54674724097822       -0.35658602848273      H
       -6.87870513882913        5.21162012114265       -1.17305146028300      C
        3.78207726780059      -11.11323783189408       -4.06498438646527      H
        1.73036854409300      -11.99095968088699        2.43928229220923      H
        3.72406607728177      -12.05098059513935        1.91872850734544      C
        3.84057071642642       -7.88467986531084        0.02411290535016      C
        5.13150763873333      -11.44888871847782       -2.54318208015744      C
        2.52770333347068       -4.22812330896808        2.35842733640555      C
        3.80100381980173       -3.68341202121758       -1.67608899575246      C
        2.93112414525338       -6.79374739863628        2.26292492443732      C
        4.27370690460095       -6.21932678161757       -1.99298831897420      C
        2.94739336437808       -2.65138647524492        0.44873946781291      N
        4.26979498255037      -10.40444464830460       -0.18053989860354      N
        4.11873216587433       -2.40072847775995       -3.23473944970949      H
        1.80865838565512       -3.38782994251724        4.07662868987257      H
        2.52812020705377       -7.92210211175670        3.90537679517154      H
        4.95579523448774       -6.88346989427975       -3.78936688632631      H
        4.19198909984876      -13.97439807991781        1.40098002091364      H
        5.37024392101590      -13.47030872288738       -2.33482409019120      H
        6.94300344816457      -10.64626042827985       -3.10686451744561      H
        4.83367149471154      -11.54844478195597        3.57993742164742      H
$end
