$coord
        0.48398834024284        1.28874295027623       -3.41662880173862      Se
       -1.33740774435529       -0.70118079984168       -4.75080587031126      O
       -0.71508445980357        3.49927276126448       -1.76128106198476      O
        3.31787454905514        1.58374261538496       -4.40531877027626      O
        2.05322352816909       -1.82902094053836        0.64769418058303      Se
        3.47418343442573        0.31680842739514        1.69299524155377      H
       -0.64213876372187       -1.48548460478181        2.75474655741193      C
       -2.49732296245560       -1.39195979120299        4.04565702355310      C
       -4.13731592155646       -1.28092024001075        5.19294131223645      H
$end
