$coord
        0.24688459235932        1.85618896611419       -3.83068348036979      C
       -0.36321632156357       -2.37223121882806       -3.42541338260153      C
        0.02768429875308       -2.77596742590097       -5.97843205415546      C
        0.55446095174525       -0.71771684829517       -7.49744210114154      C
        0.66728421542652        1.65066839992407       -6.40250606069937      C
        0.32287331441950        3.67768199366251       -2.90701879880773      H
       -0.77588488608234       -3.94146300524729       -2.18310402676903      H
       -0.07937511127549       -4.65954230301316       -6.74662915641761      H
        0.87246122940719       -0.95551960587218       -9.49697208504134      H
        1.07366830674525        3.31089408972340       -7.51069134894648      H
       -0.26010681708068       -0.10704032379471       -2.35664948206751      N
        1.74853051290411       -1.20163148921915        2.78268710302751      H
       -1.19772070100425        2.52424154418298        2.98003932804396      Se
       -0.24759607424524        1.27327667578188        7.92687291433092      C
        0.36508374891992       -1.06414635474851        6.61068093620413      C
       -0.01215320665266       -0.85521313214994        3.76878757985659      C
       -1.02718047716175        3.17435249550679        6.45938417143387      C
        1.09500614928140       -2.99995401783566        7.58044964397378      O
       -0.06162226817036        1.38856754383669        9.95138640040648      H
       -1.55268458858160        5.02182018658325        7.13691750546988      H
       -1.39639667917099       -2.22726673732879        3.13833639427026      H
$end
