$coord
        1.39108749362387       -0.22524552747891       -1.13584388672490      C
        1.39108749362387       -0.22524552747891        1.13584388672490      C
        1.44975952136847       -0.19601656659157       -3.87565726138225      C
        3.38652962197089       -0.12820072104776       -4.55906140756962      H
        0.55456375284643       -1.87476024960390       -4.64978262346995      H
        0.45479131572700        1.44570398013242       -4.60773073699138      H
        1.44975952136847       -0.19601656659157        3.87565726138225      C
        0.55456375284643       -1.87476024960390        4.64978262346995      H
        3.38652962197089       -0.12820072104776        4.55906140756962      H
        0.45479131572700        1.44570398013242        4.60773073699138      H
$end
