$coord
       -2.04279828708478       -2.09236334668961        0.00000000000000      N
        1.89399690566208       -2.86834593161259        0.00000000000000      Te
        1.73298373607686        1.02936084316434        0.00000000000000      C
        3.49788060002847        2.04448278895227        0.00000000000000      H
       -0.57550267419767        2.03603835879179        0.00000000000000      C
       -0.91578754718420        4.04749629399019        0.00000000000000      H
       -2.78250550034693        0.34301571620922        0.00000000000000      C
       -3.43505495426195       -3.38403631732206        0.00000000000000      H
       -4.99233856931304        1.08423395448061        0.00000000000000      O
$end
