$coord
        3.16530958908265       -1.01317023664643        0.00000000000000      Te
        3.06265172914354        3.40392814142766        0.00000000000000      Cl
        7.61382447500593       -1.32371667858241        0.00000000000000      Cl
       -2.29064437209631       -0.18411903988357        1.25816699260725      C
       -2.78265063131331       -1.84848908804681        2.32899485201459      H
       -1.84759789320644        1.49908760931728        2.32034311889824      H
       -2.29064437209631       -0.18411903988357       -1.25816699260725      C
       -1.84759789320644        1.49908760931728       -2.32034311889824      H
       -2.78265063131331       -1.84848908804681       -2.32899485201459      H
$end
