$coord
       -3.40771704230752       -1.75130519777289       -3.37679091838766      C
       -0.41252418944284       -2.80269703501589       -0.48963824341023      C
       -0.50841475115707       -5.32802158124089       -1.16051558409011      C
       -2.15884806915124       -6.05294168757789       -3.05000681575326      C
       -3.64180535421398       -4.22682506712046       -4.18495383845941      C
       -4.53828519163770       -0.27566927863477       -4.22377712785406      H
        0.86385239307387       -2.16222274206458        0.97282760744758      H
        0.68750390701474       -6.68365006488977       -0.22131640892060      H
       -2.28644332194867       -8.00377210643793       -3.62839736941457      H
       -4.95533319645028       -4.70148515229434       -5.66809159236705      H
       -1.82899297259171       -1.03572109438197       -1.56593156871519      N
$end
