$coord
       -0.61080389204125       -0.27537467033194        0.04862605469351      Se
        2.46941548704721        6.79458662600823        0.54152294183303      C
        1.63201453540272        8.64116198840864        0.74610166852264      H
       -2.86483538739089        2.45473080327801        0.40823526703040      N
        0.88636885779394        4.70649859570296        0.42944271846396      C
        5.04537127635655        6.45478098756690        0.39058635886212      C
        6.29587051624055        8.06068933450321        0.47589483222370      H
       -5.41945994820552        1.95565016534089        0.48330917267365      C
        1.88690551940683        2.28358983550049        0.16512086726231      C
       -9.55788778461371        4.05793173959557        0.87586746074682      C
      -10.40432691836704        2.20847870225259        0.74983973576975      H
       -3.14973427739091        6.86460438043244        0.81656350858614      N
       -6.18280971398541       -0.20837632030965        0.32138326537024      O
       -9.80458737278543        8.55730085628590        1.29553991720126      C
      -10.93578423399728       10.24102358969138        1.50489870612310      H
        4.47849331219165        1.94430878503136        0.01603546000308      C
        5.26703501693886        0.08233045396179       -0.18270457987929      H
       -5.72123106893660        6.59244318937542        0.91812967374305      C
       -1.84617549635244        4.81694741850865        0.57059940182212      C
      -10.99016185912368        6.20219395765393        1.14010899858817      C
      -13.02190864988646        6.07707292327146        1.22815625202216      H
        6.03703605175957        4.03427180159749        0.12988408907957      C
        8.05650623675375        3.77743761221942        0.01541922031384      H
       -7.22362362027323        8.75658135783992        1.18681528051167      C
       -6.28735522135040       10.56213945881499        1.30340306760581      H
       -6.93119606139271        4.22947918746249        0.76329364091399      C
        2.63820658038875       -4.25234865302265       -0.51938347747482      N
       -0.75831345668516       -5.46040237647632       -2.07013638801183      H
        2.71877940008203       -3.91471941215905       -4.41985567746252      H
        5.54107346192808       -3.07271848918201       -2.89613303146685      H
       -0.50430667553476       -5.83848687421579        1.21047049419445      H
        3.27426023701674       -4.70803210845308        3.32022593527201      H
        5.87968819496566       -3.58579802927770        1.60213135133103      H
        4.00902430468211       -4.44315656749692       -2.91020733369780      C
        0.51775717917197       -6.03107623350775       -0.56272377922515      C
        4.32104473299530       -4.92537177771703        1.56528887286021      C
        1.51528917624671       -8.74763180388633       -0.95388196921258      C
        5.02343136707710       -7.16692389968489       -3.24544607101375      C
        5.28736336777924       -7.66324421467178        1.20245011857633      C
        4.26165196370677       -8.72985571714986       -1.11505935599804      N
        0.77260148694081       -9.57030668675949       -2.68466360743642      H
        4.29816619674975       -8.02226421040302       -4.96792803209826      H
        7.07601201041859       -7.18622253875997       -3.35792294789638      H
        4.72063223533422       -8.86439628037311        2.77110591647277      H
        7.33916582190261       -7.71690204311732        1.08758179328299      H
        0.96533786692526       -9.97262408745803        0.60201439789042      H
$end
