$coord
        0.64552137348494        1.85154156265591        0.00000000000000      C
        1.32492005617857       -0.61911963185265        0.00000000000000      C
       -2.01970148747183        2.18538322544793        0.00000000000000      C
       -3.46729651653717        0.20300023845771        0.00000000000000      N
       -1.49825972030208       -2.63803763887321        0.00000000000000      Se
        1.97193374638413        3.39937220071381        0.00000000000000      H
        3.16588198712579       -1.47622967108648        0.00000000000000      H
       -2.89337781077715        4.04194049918381        0.00000000000000      H
$end
