$coord
        3.16436415910250       -4.59726033145270       -0.00068767133675      Se
        4.21975484579781        3.13023608323708       -0.00133471356182      C
        2.91417027835374        4.69570618083263       -0.00276221267636      H
        0.10665387480223       -2.33991576826138       -0.00434485830573      N
        3.23150442755675        0.69755668307988       -0.00162629830285      C
        6.79696994859660        3.47588947917104        0.00031426145452      C
        7.58471211022048        5.35713130040977        0.00062077503194      H
       -2.28282222874867       -3.34659630745063       -0.00456009811132      C
        4.82256784194849       -1.41181778921096       -0.00044710920109      C
       -6.80482705187755       -2.16692513655309        0.00010128932028      C
       -7.20985791031843       -4.16537797656185        0.00041951919967      H
       -1.16997630896041        1.94521131822848       -0.00351243394783      N
       -2.64507157745428       -5.62419571113608       -0.00518862102037      O
       -8.05076203625275        2.18146714599988        0.00275484274447      C
       -9.52969817309491        3.58847860578548        0.00490365032078      H
        7.42514684879194       -1.04935641323417        0.00177350796796      C
        8.65313000190108       -2.67186713801094        0.00372143765722      H
       -3.61217539344299        1.13786986210310       -0.00278791295165      C
        0.54457352671601        0.17107066996568       -0.00348257627506      C
       -8.68920166108568       -0.38404299318301        0.00313581153120      C
      -10.64822801112081       -0.94991411126872        0.00586533194560      H
        8.38182599061419        1.37593434674838        0.00202427462469      C
       10.40608152907374        1.63795073207799        0.00393440979146      H
       -5.57219932989931        2.93191556255437       -0.00019690946219      C
       -5.05523980412455        4.90401258127567        0.00023697165603      H
       -4.27435678141520       -1.43705130215301       -0.00299559385275      C
        7.29296088431996       -7.08610919504766        0.00412073678735      Cl
$eht charge=-1 unpaired=0
$end
