$coord
        0.76490028606514        5.15524826803693        0.52237415803964      C
       -0.13882211570380        4.16433428082323       -2.89074466639511      Se
        0.29452383207056        7.57666319973788       -3.76627386616562      C
       -0.01300887464189        8.13924638333936       -5.69973014303590      H
        0.96922163205658        9.14658794872700       -1.90722744517839      C
        1.27685902959632       11.14568783096084       -2.14521275029904      H
        1.27841181755293        7.98429205365490        0.56717937548178      C
        1.86965269783427        9.06209016787289        2.49335472656651      O
        2.43420686578373        4.12416852998964        1.11225386859342      H
       -0.77094948836266        4.69675989211972        1.79762087330644      H
       -0.28938850132690       -0.88367316347717       -0.06147165699823      N
       -3.55354739631709       -0.47357821696753        2.04379814117732      H
       -3.43068193903697       -1.36741338267985       -2.33279490227859      H
       -0.52330598199169       -1.83658570318783       -3.84023075469660      H
       -0.73625109315283       -0.16860401045521        3.75879225146563      H
        3.19592655380852       -0.79226975644586        1.70899819826750      H
        3.28485574242487       -1.43646038479384       -1.53829678078658      H
       -1.56805146348179       -2.20905525769321       -2.10841845984439      C
       -1.67075184225870       -1.26278775092718        2.28858872801795      C
        2.27466012367121       -1.85022158895786        0.20407927207487      C
       -1.80023606529030       -4.09100137985859        3.00361498425689      C
       -1.75229617015264       -5.07217061636547       -1.57951189653716      C
        2.28236718269786       -4.71214093996585        0.78016398191893      C
       -0.45742219243770       -5.59443535926250        0.94214015593725      C
       -3.75277687526574       -4.71637506032067        3.16894428831074      H
       -3.71585937466777       -5.67969545563528       -1.49776480103004      H
       -0.84562995302676       -6.15485046008120       -3.07507819019382      H
        3.25178326757267       -5.10371675942682        2.55152711072376      H
        3.26864812837184       -5.75456659366536       -0.69350416540563      H
       -0.89821177141694       -4.43310738191142        4.82017525970211      H
       -0.52882606097432       -7.60236914421109        1.37265548294955      H
$end
