$coord
       -0.00388641074789        0.83574630744977       -3.30452816932740      Te
       -2.00591669128318       -0.91447551033587       -5.34940836768367      O
       -0.25981674412055        4.16909884730123       -3.01890400244074      O
        3.08958051539199       -0.53542177206708       -2.61670754421417      O
        0.94072229442595       -1.69211538507014        1.38734470206145      Te
        2.24722016650605        1.02296771071213        2.19555259761496      H
       -1.28414108921755       -1.40328491986784        4.51321060466273      N
       -2.72376204095482       -1.48251527812219        6.19344017932685      C
$end
