$coord
        1.17886123428053       -0.29823090780922       -1.14395818173141      C
        1.17886123428053       -0.29823090780922        1.14395818173141      C
        1.48954146882614       -0.17722928740582       -3.86950998229886      C
        3.48194586242784        0.01785885674073       -4.33756264007800      H
        0.76769141155121       -1.86969105927460       -4.77739186024070      H
        0.47881370319579        1.43822179851460       -4.63371239250617      H
        1.48954146882614       -0.17722928740582        3.86950998229886      C
        0.76769141155121       -1.86969105927460        4.77739186024070      H
        3.48194586242784        0.01785885674073        4.33756264007800      H
        0.47881370319579        1.43822179851460        4.63371239250617      H
$end
