$coord
        3.78207726780059      -11.11323783189408       -4.06498438646527      H
        1.73036854409300      -11.99095968088699        2.43928229220923      H
        3.72406607728177      -12.05098059513935        1.91872850734544      C
        3.84057071642642       -7.88467986531084        0.02411290535016      C
        5.13150763873333      -11.44888871847782       -2.54318208015744      C
        2.52770333347068       -4.22812330896808        2.35842733640555      C
        3.80100381980173       -3.68341202121758       -1.67608899575246      C
        2.93112414525338       -6.79374739863628        2.26292492443732      C
        4.27370690460095       -6.21932678161757       -1.99298831897420      C
        2.94739336437808       -2.65138647524492        0.44873946781291      N
        4.26979498255037      -10.40444464830460       -0.18053989860354      N
        4.11873216587433       -2.40072847775995       -3.23473944970949      H
        1.80865838565512       -3.38782994251724        4.07662868987257      H
        2.52812020705377       -7.92210211175670        3.90537679517154      H
        4.95579523448774       -6.88346989427975       -3.78936688632631      H
        4.19198909984876      -13.97439807991781        1.40098002091364      H
        5.37024392101590      -13.47030872288738       -2.33482409019120      H
        6.94300344816457      -10.64626042827985       -3.10686451744561      H
        4.83367149471154      -11.54844478195597        3.57993742164742      H
$end
