$coord
       -0.33246518628285       -1.10816809173938       -0.01166206683287      N
       -3.55044975725361       -0.82698799378000        2.20468413219435      H
       -3.53615624679221       -1.66466427852084       -2.19559530542538      H
       -0.65632096931454       -2.05291663664645       -3.79721964323717      H
       -0.68021258773550       -0.50351053391846        3.84743646938239      H
        3.20414591758756       -1.01876703850971        1.67637037597242      H
        3.21599733497812       -1.62485587489743       -1.58953783849133      H
       -1.64084087921298       -2.44673064772943       -2.03407323259480      C
       -1.63846606039217       -1.56789745080263        2.36964758527048      C
        2.24920589071780       -2.05321351262063        0.17499808777048      C
       -1.64849332515463       -4.43801367784877        2.94909827528771      C
       -1.69778286269049       -5.31155545265401       -1.44890460926969      C
        2.21055494434571       -4.92872585261562        0.71841264545425      C
       -0.38950562449145       -5.80817717895778        0.92144122980384      N
       -3.56637995951155       -5.15918985878767        3.12054840225921      H
       -3.62645227431450       -6.00356578955813       -1.27473800099405      H
       -0.77977450936464       -6.39835622212970       -2.93372951066140      H
        3.18008705840457       -5.37433650088399        2.47621566650665      H
        3.13188524722603       -5.98667050416835       -0.78492741456126      H
       -0.66864462926364       -4.85210029285145        4.70879820342400      H
$end
