$coord
        4.81158021836950      -11.32415110952603       -3.80451511991388      H
        2.90590839573690      -12.26860466818505        2.73659176956009      H
        4.86305824773028      -11.86948695176071        2.22902097009028      C
        4.00014731621170       -7.92900225772814        0.06626702601206      C
        6.17061361054972      -11.22051871782446       -2.25864885216253      C
        1.79793418989790       -4.56559003338496        2.16171194909310      C
        2.98313602224437       -3.97746077614041       -1.90940611042746      C
        2.80970395051337       -6.95568010895375        2.22880969870955      C
        4.05730926381012       -6.33645030606803       -2.05556905623497      C
        1.86952495234825       -3.06312019224983        0.14911469801416      N
        5.02838358335928      -10.27297564592430        0.02682333953070      N
        3.00631615877942       -2.74604531347112       -3.53873799062367      H
        0.86660988143491       -3.80796538187222        3.81401174958055      H
        2.65975493841519       -8.04517827349972        3.93826728939794      H
        4.91451095476100       -6.92617789366879       -3.80176046614202      H
        5.79816900042918      -13.64671276689457        1.83891460166381      H
        6.89348638760330      -13.10316573940946       -1.91480486899289      H
        7.74090591127008      -10.03325065893333       -2.86354432650255      H
        5.78432770142939      -11.00575512321360        3.85585236467839      H
$end
