$coord
       -0.00812960178812       -2.72363561827708        0.00000000000000      S
       -1.48804423881761       -1.03720056096494       -2.32750196837614      C
       -3.05324901886527        0.73366462500607       -1.34154492175992      C
       -3.05324901886527        0.73366462500607        1.34154492175992      C
       -1.48804423881761       -1.03720056096494        2.32750196837614      C
       -1.10227139034012       -1.44098911345150       -4.27815569784353      H
       -4.16202805906074        2.00390923522099       -2.47976003682599      H
       -4.16202805906074        2.00390923522099        2.47976003682599      H
       -1.10227139034012       -1.44098911345150        4.27815569784353      H
$end
