$coord
        3.61226326570779        1.17642367655239        0.00000000000000      Se
        3.46858342002803       -1.26286182819126       -2.73807785018450      C
        3.46858342002803       -1.26286182819126        2.73807785018450      C
        3.50494949854284       -0.20792391987541       -4.49315626411042      H
        5.09451303730947       -2.50480306537469       -2.65168183943820      H
        1.72970222666146       -2.34025875355300       -2.62334501825429      H
        3.50494949854284       -0.20792391987541        4.49315626411042      H
        1.72970222666146       -2.34025875355300        2.62334501825429      H
        5.09451303730947       -2.50480306537469        2.65168183943820      H
$end
