$coord
        2.47688179496558       -4.05444519489565       -0.42594237876332      N
       -0.64578347849843       -5.36473499141741       -2.37734236107733      H
        2.88788815638513       -3.24350607817422       -4.24953522876831      H
        5.67013003993768       -3.05705889570511       -2.46403071245510      H
       -0.94751926135099       -5.46092129527014        0.91232065563597      H
        2.82933499241377       -4.97368753938088        3.35133536262596      H
        5.40598903552616       -3.31570287579273        2.10927356091578      H
        3.96147671668792       -4.16130523881807       -2.75744603118096      C
        0.35243656785829       -5.81954369262476       -0.63923557747662      C
        4.05767511478785       -4.81439213084293        1.71181710272760      C
        1.28052849978511       -8.57375337884469       -0.63604798744961      C
        4.62417362194693       -6.91129044228641       -3.44215673401089      C
        5.41388090976780       -7.32862700827821        1.15298426959304      C
        4.12118937675418       -8.54381369196187       -1.11975570336294      C
        0.30751210869768       -9.66352801032269       -2.08153559394076      H
        3.47612229342959       -7.57034811297463       -5.01701820352797      H
        6.59084863847146       -7.05637907879207       -4.02257212921474      H
        5.32948441823396       -8.57321594073485        2.78663096144959      H
        7.40354538946140       -7.00970548913052        0.73544436907023      H
        0.88904905635649       -9.47664260036529        1.17070498735406      H
        4.82483475740759      -10.45045664484992       -1.41358298238396      H
$end
