$coord
       -1.53247415665140       -0.73709391100441        0.25051702391607      N
       -3.57270808538507        0.27412612828140       -0.79876871356104      C
       -1.87216584460740       -2.35582537250456        2.13483418545001      C
       -6.00930337601771       -0.28128195419750       -0.03160264587248      C
       -3.24316233699215        1.59445112641535       -2.32259359374005      H
       -4.22913336758169       -3.03459156386428        3.03935065013652      C
       -0.17894780434355       -3.14290272847780        2.96379014001618      H
       -6.34180087661728       -1.97356098955004        1.92959821201426      C
       -7.59944838351288        0.59797680905256       -0.95247280044145      H
       -4.39397852380241       -4.35999652376643        4.57745524577622      H
       -8.21215938715910       -2.45430863846177        2.58275899233059      H
$end
