$coord
        0.50397843010691        1.32091856110969       -3.53700813532919      Se
       -1.34080584987258       -0.60906761167795       -4.93976336496430      O
       -0.69632458164663        3.56017183124695       -1.91292459149889      O
        3.32872573440794        1.63624960062060       -4.56765059075124      O
        2.17986106776657       -1.99215967406855        0.58912986722753      Te
        3.72047710942589        0.44258406290718        1.81626302152582      H
       -0.78479248811596       -1.59702417750663        2.93593406515838      C
       -2.63778725016170       -1.45800193980623        4.23267660406535      C
       -4.27333217191043       -1.30367084179766        5.38334331353916      H
$end
