$coord
       -3.67720823932307       -1.82459425709144       -3.09425626474214      C
       -0.59134141371118       -2.82189060531844       -0.28653236926215      C
       -0.35625872791794       -5.24121417711727       -1.25035259713672      C
       -1.88718803346246       -5.94073523050369       -3.24682405930382      C
       -3.58537359679011       -4.19585226696532       -4.19201763471324      C
       -4.98323027836498       -0.41515487718093       -3.78788420720894      H
        0.58500818557712       -2.20551183223694        1.26689072428895      H
        0.99893511872227       -6.53526725780368       -0.45097992710626      H
       -1.75865982287730       -7.80927261197921       -4.05224593163181      H
       -4.81712335201085       -4.65363275147625       -5.74885281775496      H
       -2.21653611650275       -1.13356790058041       -1.17782642025469      N
        2.32862333185849        3.49464160945087       -0.14460146511073      S
        0.35025053267733        3.43589266985300        2.39483612273077      C
        1.33712900975191        4.73017705301706        4.38367290238179      C
        3.73381555230391        5.78251602099372        3.83620847264034      C
        4.50609729758443        5.25982608971865        1.44100404228788      C
        0.38626266548899        4.92746332659176        6.17220230330269      H
        4.83168992789726        6.87482288547871        5.15645636994840      H
        6.23317186006960        5.82020358498747        0.53351692813347      H
       -1.41806352302544        2.45115052816230        2.24758582851116      H
$end
