$coord
        3.38548781595839       -0.65136705227885        0.00000000000000      S
        3.10889219357733        2.35289913160058        0.00000000000000      F
        6.41330017632320       -0.69848189299049        0.00000000000000      F
       -2.14674645202178       -0.16888803629174        1.25150438520968      C
       -2.53314158731211       -1.86057804401123        2.32299780615810      H
       -1.77395205359557        1.52794089265104        2.31958590564010      H
       -2.14674645202178       -0.16888803629174       -1.25150438520968      C
       -1.77395205359557        1.52794089265104       -2.31958590564010      H
       -2.53314158731211       -1.86057804401123       -2.32299780615810      H
$end
