$coord
       -3.79075696886359        5.06065235769068        0.06690367474345      C
       -0.31979986385042        7.06095750724680       -0.37949007603097      Te
       -2.77795825237326       10.13284640666010       -0.02875652935619      C
       -2.09142849917576       12.05170039182021       -0.11492463913185      H
       -5.21796128612642        9.57943727647582        0.30636750158400      C
       -6.68295918101861       10.98440272978629        0.51875854504541      H
       -5.94873217351786        6.92217639859990        0.40481391788178      C
       -8.09106063483289        6.18258370274090        0.72806120910134      O
       -3.67970721315027        3.82637395994259        1.69787999461330      H
       -4.12815377341385        3.90292808805925       -1.58885564736035      H
$end
