$coord
       -1.72610040866793        0.91196973349463        0.00000000000000      N
       -2.92381525152119        0.45204762236667       -2.15343967298257      C
       -2.92381525152119        0.45204762236667        2.15343967298257      C
       -5.36065960805705       -0.48087558337036       -2.24789952304785      C
       -1.88321582914851        0.84825175905206       -3.86659319002550      H
       -5.36065960805705       -0.48087558337036        2.24789952304785      C
       -1.88321582914851        0.84825175905206        3.86659319002550      H
       -6.60088365111103       -0.95450765753245        0.00000000000000      C
       -6.26560352879295       -0.81680955092757       -4.03947346172812      H
       -6.26560352879295       -0.81680955092757        4.03947346172812      H
        3.36232544284891        3.06429919237899        0.00000000000000      Te
        7.14102425828391        3.38059285837778        0.00000000000000      N
        8.14170623983578        1.15667925108451        0.00000000000000      C
        6.62362064686986       -1.09108156606579        0.00000000000000      C
        4.10231082379661       -0.72025134897351        0.00000000000000      C
       10.19016954789695        1.01904652900355        0.00000000000000      H
        7.47189621647109       -2.94654582221119        0.00000000000000      H
        2.67048555924123       -2.16120172303945        0.00000000000000      H
       -8.50977896856701       -1.66613354058274        0.00000000000000      H
$end
