$coord
        1.59333524313876        0.71403868536621       -0.09902221584795      N
       -0.42988321362361        1.58451494645209       -1.30506848323943      C
        1.17108028696241       -1.06276666570493        1.62440423035364      C
       -2.86249515055816        0.76426703884078       -0.88904943430172      C
       -0.08780499054481        3.04037941703876       -2.69816853518602      H
       -1.17246129881428       -2.03091587818578        2.20235958008846      C
        2.81561425794073       -1.76045506269569        2.61720756574675      H
       -3.30703602486738       -1.11810370478480        0.92338783668481      C
       -4.38309011084496        1.58559171239790       -1.96030947407375      H
       -1.32606863171712       -3.47245055556946        3.62812109145515      H
       -5.66536755215841       -2.00370401096386        1.41204550120897      N
       -7.80673905616393       -0.97048566986134        0.08587954859644      C
       -9.50773879963637       -1.91366989948244        0.72145302581616      H
       -8.02143027426422        1.04940819172998        0.43756532826541      H
       -7.64290339163898       -1.24971613737795       -1.94881521492075      H
       -6.03406710304518       -3.90198133527082        3.32837972555452      C
       -8.02346739902656       -4.36857096708428        3.43580479758820      H
       -4.99517580411655       -5.62725083136176        2.89368904866988      H
       -5.42692398845254       -3.24200809227523        5.18460950975300      H
$end
