$coord
        0.51297919563848        4.99267361775494        0.43799372917786      C
       -0.12538767473865        4.12574909692028       -2.78709904661066      S
        0.68695380773986        7.11226149283151       -3.81281441910799      C
        0.58485927515850        7.49007935021480       -5.81198289840015      H
        1.38933874106815        8.78432726166466       -2.04717848326904      C
        1.93549510238614       10.70798682035968       -2.41680173228553      H
        1.34165981710830        7.75179073374789        0.49568612289946      C
        1.86727863490391        8.82861450517603        2.43876639697721      O
        1.99981079720192        3.80013473475701        1.19340947982354      H
       -1.16626980013957        4.71896285127573        1.57982256751205      H
$end
