$coord
        0.12862912196021        0.37157628096628        0.14206016141834      S
        0.30473175465053        6.97970797662830       -2.68374576745770      O
       -1.02558894981959        3.19912623808273       -0.96743716367710      N
        3.18324063336133        1.30599085856086       -0.57069917936150      C
        5.39577790041177       -0.06006683459719       -0.21379435408155      C
        5.33656049770760       -1.93384952887682        0.57256396110127      H
        3.24707482596056        3.71453940096972       -1.60443077007947      C
        0.76373167942968        4.89083816662527       -1.85953302546432      C
        7.64568714719316        1.05517752558845       -0.91229760097725      C
        9.38350310194328        0.02072198079214       -0.65223386965221      H
       -3.64910971260347        3.63046076137004       -0.86023300062738      C
        7.72516354778893        3.47817793750796       -1.94475816190380      C
        9.51618058418027        4.29519101193914       -2.46919004272054      H
        5.52144790023344        4.81666055808293       -2.29441588749583      C
        5.50343899923842        6.69430604153389       -3.08779340139594      H
       -4.83383495602132        5.17018825380557       -2.62967068748384      C
       -3.73091746831919        6.08432795980910       -4.06773828434668      H
       -5.07753970623074        2.46320168960423        1.00946429474343      C
       -4.16187347946374        1.29395651568144        2.40528139491200      H
       -7.66227686386859        2.82326424723842        1.10432438880190      C
       -8.74569748022516        1.90494597882813        2.56642816813423      H
       -7.41665158499871        5.52918462796025       -2.49711206902009      C
       -8.31835840488313        6.73216122423490       -3.87384539197396      H
       -8.84653817952283        4.36259489718778       -0.64353659413626      C
      -10.86191408389541        4.65183977932921       -0.56242236790827      H
$end
