$coord
        0.43277695123824        0.22459073737673        0.00000000000000      O
       -1.08273181118415        0.10865887422045       -2.06516546344102      C
       -3.51680488435826       -0.08196441401145       -1.34802063524377      C
       -3.51680488435826       -0.08196441401145        1.34802063524377      C
       -1.08273181118415        0.10865887422045        2.06516546344102      C
        5.45534735909296        0.92540228473365        0.00000000000000      Se
        8.78532503705846        0.64944898026236        0.00000000000000      F
       -0.14250689267420        0.18750958649636       -3.85706821446697      H
       -5.12267902725171       -0.20606083888915       -2.57938602017076      H
       -5.12267902725171       -0.20606083888915        2.57938602017076      H
       -0.14250689267420        0.18750958649636        3.85706821446697      H
        5.05599588354701       -1.81572822903255        0.00000000000000      H
$end
