$coord
        0.26964577661254       -0.21908577620310        0.00000000000000      O
       -1.24738232561405       -0.12377498246390       -2.05781064936399      C
       -3.68911634849736        0.02380185643004       -1.34724150116259      C
       -3.68911634849736        0.02380185643004        1.34724150116259      C
       -1.24738232561405       -0.12377498246390        2.05781064936399      C
        5.70710026389453        1.10405378002086        0.00000000000000      S
        9.83696348356072        0.79684591722924        0.00000000000000      Br
       -0.31176928371123       -0.17212683789673       -3.85350419099593      H
       -5.29548352093673        0.12304611509764       -2.58041535399084      H
       -5.29548352093673        0.12304611509764        2.58041535399084      H
       -0.31176928371123       -0.17212683789673        3.85350419099593      H
        5.27379305550572       -1.38370660132633        0.00000000000000      H
$end
