$coord
        3.42218950983293       -7.01782148489054        2.35802633652191      H
        2.86539285659765       -3.26157677321351        0.08978391174252      H
        1.82252160547795       -7.13281850053297        1.06964111140107      C
        1.27157516637927       -4.54436765311502       -0.12585916140675      C
        2.30865894226971       -8.50331780597432       -0.38231786220385      H
        0.88792221266838       -4.70982300190139       -2.13845093227992      H
        0.53714539126535       -6.55737138428336        6.19868284651438      H
        1.17738346845108       -2.64830773344269        4.22525035834082      H
       -0.53716561133488       -7.95376787448174        2.50544613917490      C
       -0.88211886373967       -6.18830938392589        4.75882019880577      C
       -0.36245627371625       -9.90074835430809        3.13313133263261      H
       -0.66199487200371       -3.45515389235081        3.79285021849183      C
       -0.95703951259421       -3.36975962542317        1.03780791894139      N
       -2.80527292069636       -7.65366897239833        0.75140518489139      C
       -2.72142709535524       -6.51164039001277        5.62282320305177      H
       -3.20418352313744       -4.81066729167869        0.28855040779063      C
       -2.45274054372356       -8.64198439721807       -1.01821637231700      H
       -2.07030362877386       -2.23637370546856        4.65447991569792      H
       -3.59944714313061       -4.40187209879757       -1.68500472360842      H
       -4.48871068340225       -8.48622580009497        1.58615333900214      H
       -4.79194105064677       -4.11355034786801        1.38642478338398      H
$end
