$coord
        3.79881324927807        0.60625135283443        0.00000000000000      O
       -2.54047580337437       -0.62731329535639        0.00000000000000      S
        4.12553102252549       -0.84058835269889       -2.19719892701473      C
        4.12553102252549       -0.84058835269889        2.19719892701473      C
        3.81870923078113        0.39297950802634       -3.80522225542972      H
        6.03670875119479       -1.62000683766165       -2.29843987030560      H
        2.76775845561562       -2.39358569095411       -2.27476878292338      H
        3.81870923078113        0.39297950802634        3.80522225542972      H
        2.76775845561562       -2.39358569095411        2.27476878292338      H
        6.03670875119479       -1.62000683766165        2.29843987030560      H
       -2.31372605390027        2.75772571064740        0.00000000000000      C
       -5.91903399363377       -0.95445002088564        0.00000000000000      C
       -0.31478755427747        3.20875684933163        0.00000000000000      H
       -3.19090044923487        3.55056370773893       -1.67837556436325      H
       -3.19090044923487        3.55056370773893        1.67837556436325      H
       -6.34194298402186       -2.96075372807914        0.00000000000000      H
       -6.74223044091733       -0.10447086318307        1.67777992268877      H
       -6.74223044091733       -0.10447086318307       -1.67777992268877      H
$end
