$coord
        5.89752172937632        3.62695021714834        0.09515942667661      S
        7.29606135797263        0.76637446141496       -0.37814364616717      C
        9.51917126474510        1.00724462243745       -1.64525773608406      C
       10.09267045130544        3.55060471479583       -2.24037879101709      C
        8.28644357625487        5.17909434405829       -1.40730266658140      C
       10.70469718512194       -0.57361823930620       -2.13287094897914      H
       11.76468859904025        4.14298887938258       -3.23820331769592      H
        8.24140743428030        7.19942643313791       -1.59929014810266      H
        6.37739897043505       -0.90243587622330        0.32270928619188      H
$end
