$coord
        0.25685705506417        0.10037809434236        0.00000000000000      O
       -1.26175425970962        0.03684096668993       -2.06030055250579      C
       -3.70409016036363       -0.06957763720979       -1.34748300816131      C
       -3.70409016036363       -0.06957763720979        1.34748300816131      C
       -1.26175425970962        0.03684096668993        2.06030055250579      C
       -0.32407744790611        0.08310165119325       -3.85494076079587      H
       -5.31253792126620       -0.13838710074992       -2.57994972547373      H
       -5.31253792126620       -0.13838710074992        2.57994972547373      H
       -0.32407744790611        0.08310165119325        3.85494076079587      H
$end
