$coord
        2.22613724802411        2.32783493811929        2.21117836499423      N
        5.02916347333091        0.82450413776179        4.51365639105553      H
        0.62258746826394        0.62784109586300        5.35191754603194      H
        6.12695715761874        2.65588005499666        1.96885953992460      H
       -1.54625649619609        1.96368546979539        3.22237780626528      H
        4.68775005590276        2.54139969047670        3.43525394242288      C
        0.26571042195802        2.25804716336445        4.14992908754786      C
        3.20453293349788        4.48999513024915       -0.91810775292001      H
       -0.04129429527521        4.34957052679167       -0.24971011086086      H
        1.82015529042470        4.53337454933027        0.60354205248956      C
        4.73873921311510        4.91959280625533        5.14033927377674      C
        0.29533093409838        4.75183331440521        5.67520754506192      C
        2.04935582570983        6.97267876236254        2.19967768077240      C
        4.94170052321465        4.41068200199055        7.12208693484386      H
        2.39519554863968        6.33009572402877        4.85425647035964      N
        0.49798214014088        4.39360983823550        7.68965559390731      H
        6.30826220633013        6.15453449787316        4.65143027567800      H
       -1.44479332111297        5.81277261494763        5.40467737662306      H
        3.65587757774619        8.10930650748394        1.60373497292038      H
        0.36527120975148        8.13905703278167        2.02670783605148      H
$end
