$coord
       -1.15541407944408        1.32962793087284       -2.54758079565772      C
       -1.62116316107731        4.20172137836317       -2.33484317642506      C
        0.48251983407140        0.93964515053492       -3.73209533461267      H
       -2.76635760163944        0.37601071229031       -3.39770489535406      H
       -0.47583625071384        5.23406477626999       -3.69564705301144      H
       -3.58858424147584        4.65697983438818       -2.73016235436630      H
        1.68984941447411        1.18093218514050        0.92965171187009      C
        1.91194363466760        0.41992643564559        2.82677309070662      H
        3.23293230461651        0.42570427327162       -0.20307998490017      H
        1.71539133071971        4.09614219080801        0.94945774240962      C
        2.32373744496328        4.81053595571303        2.77922285709586      H
        3.02885756788434        4.83152438788874       -0.45385892485712      H
       -2.78965074379674        3.72665878152475        2.17697432213860      C
       -2.22593202376697        4.11883156546849        4.11670978097577      H
       -4.68570669504421        4.48494559307155        1.93366376879877      H
       -2.73823507539806        0.86160550871169        1.63518662967550      C
       -2.50190611522564       -0.22341702848073        3.36573280802422      H
       -4.49389458010731        0.23996536015403        0.76408108979012      H
       -0.68297857986411        0.20756713958308       -0.07819856779031      N
       -0.95603342240546        5.00362911598981        0.35386520080850      C
       -1.07362465407177        7.04640037999101        0.53746532189825      H
$end
