$coord
        1.54939098491900       -0.33983965351157       -1.13802689834406      C
        1.54939098491900       -0.33983965351157        1.13802689834406      C
        1.64003377718515       -0.23450764213351       -3.87567596967088      C
        3.57525789284502        0.01446320786740       -4.52009525487994      H
        0.89705166854904       -1.95532380963916       -4.71386569299979      H
        0.52055737534343        1.34579888423905       -4.56519205706311      H
        1.64003377718515       -0.23450764213351        3.87567596967088      C
        0.89705166854904       -1.95532380963916        4.71386569299979      H
        3.57525789284502        0.01446320786740        4.52009525487994      H
        0.52055737534343        1.34579888423905        4.56519205706311      H
$end
