$coord
        2.25757076340843        2.62257589972157        1.23224297373926      N
        0.66914975305675        1.14294434366555        4.50201265456606      H
        5.08957556089106        1.53565248702040        3.68922595261259      H
        6.15260905592478        2.44986041213702        0.69274619625705      H
       -1.41614998635165        2.79330906460139        2.53383454988201      H
       -0.05726172513780        4.17476708081203       -1.52532777936592      H
        3.19225292622226        4.55109073174858       -2.03675286423951      H
        4.82530926763748        2.91951895917686        2.19241300663152      C
        0.47861679373361        2.82307130620110        3.33131163563687      C
        1.72342474544808        4.61737155276136       -0.59807431892059      C
        0.93491365426409        5.25248072427225        4.87026944262184      C
        5.27571982026239        5.62903454385078        3.16788774243447      C
        1.64201080865673        7.23042115411610        0.68798011799814      C
        2.71272244990740        6.93694460826381        3.34909679305873      C
        1.78077868922076        4.81880426339870        6.69538318542493      H
        6.20192127017414        5.59768171977198        5.00324455672345      H
        6.50159989716744        6.67521924075739        1.88833963256281      H
       -0.28737405327805        7.93803722730256        0.78880229797979      H
        2.73534190470127        8.60435239117238       -0.38184240711089      H
       -0.83892652754490        6.22364593964800        5.24065047181429      H
        2.90794249693744        8.77242897906621        4.24996325173554      H
$end
