$coord
        5.88398562114566      -11.26275069520270       -3.48496356607624      H
        4.01263576027887      -12.14530230622491        3.12029366717761      H
        5.83242293205450      -11.33944012770989        2.58914021950821      C
        4.12456008124266       -7.90395223719278        0.09659807517529      C
        7.10787884000329      -10.72881273608867       -1.91634291708572      C
        1.14729846162929       -4.99780649185463        1.89954892101622      C
        2.30225503837859       -4.44689690241538       -2.20304725142521      C
        2.67124466222549       -7.07854821185044        2.16098497145296      C
        3.88374547816823       -6.50005580195101       -2.14539869934970      C
        0.94757103984680       -3.67324302699578       -0.22963403845811      N
        5.66591217122753       -9.93410768958602        0.25780853216792      N
        2.10050239710835       -3.34776548100394       -3.91134284951958      H
        0.02260074650524       -4.33868910582088        3.47043648546584      H
        2.72414036412497       -8.04314436127179        3.94888943994444      H
        4.91220038662843       -6.99945637052103       -3.82549580421248      H
        7.16593859648352      -12.87205998224549        2.35201719641822      H
        8.24275084058230      -12.35289854759032       -1.40856689335877      H
        8.37373286054027       -9.23960385906046       -2.56447267954048      H
        6.48857099142863      -10.15227298019381        4.13856484155223      H
$end
