$coord
        0.61458504504401       -1.07657791805933        3.16970943841860      H
        0.63600414580352       -3.65816716991878        1.10034840503570      H
       -0.46457518376461       -2.03441017076282        1.70782165478231      C
       -0.69320766737668       -0.28927889721167       -0.43485376024920      N
       -0.21052380507767        3.10178550054047        1.51057544340146      H
       -1.79844800643119       -3.26656187073026       -2.71126433722964      H
       -1.68725104105276        2.14057800800579        0.45576622543469      C
       -2.45038197654742       -1.36326014260316       -2.29102496293781      C
       -2.07972070097068        3.28089978975559       -1.20718426046373      H
       -2.30255966222988       -0.26546683626055       -4.02389115804972      H
       -3.09358465607745       -2.79983069843007        2.68450279174322      C
       -3.13335828874018       -2.76612251970954        4.73868252133137      H
       -3.56050782455191       -4.71588845584358        2.09944396150596      H
       -4.07206500128161        1.73485872233771        2.06802083961532      C
       -5.16341528640232       -1.36863168911239       -1.25441305166070      C
       -5.01583599086441       -0.94818350008379        1.59387192535815      C
       -3.65439395376575        1.98418011653473        4.06686485293188      H
       -6.09078477603170       -3.15174003269958       -1.68143994424694      H
       -5.51471782961322        3.11221471004964        1.57394778693583      H
       -6.28167659434591        0.12259919486916       -2.12436396888394      H
       -6.85619113075302       -1.22762561692636        2.45947004742594      H
$end
