$coord
        3.61226326570779        1.17642367655239        0.00000000000000      Se
       -2.96558500188935       -0.16991188990606        0.00000000000000      S
        3.46858342002803       -1.26286182819126       -2.73807785018450      C
        3.46858342002803       -1.26286182819126        2.73807785018450      C
        3.50494949854284       -0.20792391987541       -4.49315626411042      H
        5.09451303730947       -2.50480306537469       -2.65168183943820      H
        1.72970222666146       -2.34025875355300       -2.62334501825429      H
        3.50494949854284       -0.20792391987541        4.49315626411042      H
        1.72970222666146       -2.34025875355300        2.62334501825429      H
        5.09451303730947       -2.50480306537469        2.65168183943820      H
       -5.98303599391287       -1.17500052380793        0.00000000000000      C
       -3.51929894489753        3.20436115739315        0.00000000000000      C
       -1.64332530214902        4.02812130997969        0.00000000000000      H
       -4.53800985854135        3.75543723170398        1.68621641599953      H
       -4.53800985854135        3.75543723170398       -1.68621641599953      H
       -8.02049485983254       -1.94317305963047        0.00000000000000      N
$end
