$coord
        1.81229025029403        3.08879306651587        1.27773926402517      N
       -0.20822986653499        2.28982725452003        4.56600766285850      H
        4.17807391255750        1.46874730049605        3.92827441765095      H
        5.49163331322008        1.68797934150119        0.90816061254523      H
       -1.63446702196725        4.46508268177567        2.51380931111202      H
        0.05577432170511        5.06576123226860       -1.63320298416249      H
        3.30820406458501        4.60736224039708       -2.01723520590659      H
        4.36511371313929        2.69838339704639        2.29310933085327      C
        0.15772410126532        3.91029102795861        3.35265930474887      C
        1.85766125173788        5.08734341639266       -0.64833139623225      C
        1.36445936280184        6.09499565275519        4.83461843647258      C
        5.57538975451551        5.24237560279346        3.00556820517929      C
        2.40431895739673        7.67064948443633        0.56717994239962      C
        3.46809284712608        7.19996954042613        3.20481639241657      C
        2.13736131619646        5.42871922827093        6.62080816747858      H
        6.59144749268035        5.07782883432781        4.78415330031459      H
        6.93828140052437        5.82672843135056        1.57917760398572      H
        0.68767379339334        8.79659536366569        0.69871791978346      H
        3.73899359085798        8.73066905527389       -0.58078030131851      H
       -0.04647214485667        7.52173906581624        5.27663425873409      H
        4.17665170467611        8.94531038460450        4.02093713817172      H
$end
