$coord
        0.54175877965339       -1.07089910208223        3.37688578263911      H
        0.65512061528018       -3.61236531091852        1.25784611711129      H
       -0.47077008394634       -1.99760888832151        1.84563957002350      C
       -0.60433422568100       -0.21667750922988       -0.26335242169972      N
       -0.28745134307655        3.10977753026671        1.81196370561970      H
       -1.50067252261800       -3.13872208737230       -2.69095110419826      H
       -1.67361836781713        2.17462463667524        0.61611137683486      C
       -2.22438150348172       -1.26833088456853       -2.24006320675427      C
       -1.94800149885149        3.36645751799301       -1.03496010167159      H
       -2.01505030456131       -0.10987510195426       -3.92610236644331      H
       -3.13866293894460       -2.79196301268282        2.69775544105518      C
       -3.28911915353463       -2.74245369999867        4.74702339450022      H
       -3.55172229882593       -4.71836702062863        2.10558046915044      H
       -4.17438611202531        1.72614462825925        2.03745489749481      C
       -4.99405481857942       -1.38485649967316       -1.35929398541280      C
       -5.02652522668833       -0.97468464131024        1.49442187551559      C
       -3.92227170261609        1.98281195482051        4.06315777719321      H
       -5.83098560636411       -3.19930689590024       -1.84055885236484      H
       -5.60356368130748        3.07249909197894        1.42980344657464      H
       -6.11967566491535        0.06726763599505       -2.28486029837408      H
       -6.91047993875156       -1.29686007987192        2.24500200598097      H
$end
