$coord
        0.45468549106402        1.30976483060434       -3.46343486120150      Te
       -1.57230126856345       -0.91954885806264       -4.95068541504677      O
       -0.88624961607548        3.77589994207182       -1.61497714260836      O
        3.64040846866266        1.61296609606654       -4.50692972194233      O
        2.10863558937611       -1.88222466779615        0.73832487860199      Se
        3.51125929407295        0.29401738546916        1.75022295162132      H
       -0.61381271397688       -1.51596683203500        2.80699181557932      C
       -2.49124957166368       -1.40239523680837        4.06186803911316      C
       -4.15137567289625       -1.27251265950970        5.17861945588318      H
$end
