$coord
       -2.63418883367520       -1.61621170068558       -3.76758911554835      C
        0.00692244473971       -3.04604708363173       -0.69478558869074      C
       -0.86902476244957       -5.49604223324143       -0.94250222746273      C
       -2.72699063803873       -5.98057349179988       -2.71317579520470      C
       -3.63100065612385       -4.00102849550361       -4.15759778513418      C
       -3.29562529160908       -0.02171786645981       -4.85935022712855      H
        1.45898516430887       -2.58410598911222        0.66827877828591      H
       -0.10667938610491       -6.97985083992332        0.22644663740372      H
       -3.45752568760982       -7.86724298441374       -2.96326082772868      H
       -5.07991225738020       -4.28908700758401       -5.56007333530285      H
       -0.85141270394072       -1.13570782644393       -2.07331188379164      N
$end
