$coord
        2.18362710296032       -0.33033281932383        0.00000000000000      O
       -3.24074726700488       -1.02934062309480        0.00000000000000      Te
        3.37488286191963       -1.20311095580211       -2.21351520031993      C
        3.37488286191963       -1.20311095580211        2.21351520031993      C
        2.32920801312144       -0.46029533203757       -3.81111366559583      H
        5.32574918557604       -0.54178372403823       -2.30421184978064      H
        3.36340220879472       -3.26433728513636       -2.29751428244976      H
        2.32920801312144       -0.46029533203757        3.81111366559583      H
        3.36340220879472       -3.26433728513636        2.29751428244976      H
        5.32574918557604       -0.54178372403823        2.30421184978064      H
       -7.12399669206540       -0.81673074934817        0.00000000000000      C
       -2.89083499530386        2.99515808190398        0.00000000000000      C
       -0.87730459746459        3.35720428505119        0.00000000000000      H
       -3.76952759660699        3.74448192244172        1.68533863821464      H
       -3.76952759660699        3.74448192244172       -1.68533863821464      H
       -9.29817289673127       -0.72586704809804        0.00000000000000      N
$end
