$coord
        0.80867560276936       -2.86034388633789        0.00614255476808      S
        0.23631422030865        4.42452160023682       -0.03382496379503      O
       -0.69017031057658        0.14674762707046        0.00230546587204      N
        3.70844314449169       -1.33213030620706        0.00554067699739      C
        6.09183187327735       -2.44561741006941        0.00865078825329      C
        6.26130666953079       -4.47501130283442        0.01428991998177      H
        3.48456804639836        1.28659943393307       -0.00029989953598      C
        0.88756543237605        2.20780614872484       -0.00516707814255      C
        8.18298844086379       -0.89421991395129        0.00298312166033      C
       10.03510164567239       -1.75109090283036        0.00524134437925      H
       -3.33135831187214        0.19589562411959       -0.00859768694919      C
        7.96542729569803        1.73278607072423       -0.00639237656175      C
        9.64181165564378        2.89365446668180       -0.01186955876135      H
        5.60557888524677        2.82645618363552       -0.00876568360166      C
        5.34045711297657        4.84820481141815       -0.01832505217567      H
       -4.66541065852056       -1.97026833075050       -0.70453279604153      C
       -3.66071924505008       -3.64578171592540       -1.28088773672140      H
       -4.68640173631284        2.34132474805990        0.70940904533350      C
       -3.67731009556118        4.02034716567561        1.23579943830580      H
       -7.29768576654935        2.29301200995785        0.71408347187536      C
       -8.30964544464035        3.97361631731248        1.27520910971692      H
       -7.27461561207476       -1.98816592687678       -0.67529344166050      C
       -8.25677884452319       -3.69138156320295       -1.21754732955854      H
       -8.61701147750860        0.14176498619768        0.02857908407308      C
      -10.65587592171976        0.12422322550066        0.04397241513902      H
        2.87291358862841       -8.40294897128997       -0.08070321079588      I
$eht charge=-1 unpaired=0
$end
