$coord
        3.73068370919758        0.53701802372455        0.00000000000000      O
       -2.50342828961903       -0.78036297007985        0.00000000000000      Se
        4.20996020632129       -0.86576215029541       -2.19801528870057      C
        4.20996020632129       -0.86576215029541        2.19801528870057      C
        3.76774256130967        0.32652691090884       -3.80536644153303      H
        6.19340087302345       -1.43538380782065       -2.30080731919452      H
        3.02758011302410       -2.55687125620419       -2.27491221313624      H
        3.76774256130967        0.32652691090884        3.80536644153303      H
        3.02758011302410       -2.55687125620419        2.27491221313624      H
        6.19340087302345       -1.43538380782065        2.30080731919452      H
       -2.28582311383457        2.88086895766784        0.00000000000000      C
       -6.16983731105772       -0.99410101032288        0.00000000000000      C
       -0.28908387747561        3.33265844344588        0.00000000000000      H
       -3.17620291532802        3.63991052582882       -1.68177178015442      H
       -3.17620291532802        3.63991052582882        1.68177178015442      H
       -6.66306943561176       -2.98244154789358        0.00000000000000      H
       -6.93220177363624       -0.10524035966101        1.68113891087529      H
       -6.93220177363624       -0.10524035966101       -1.68113891087529      H
$end
