$coord
       -6.55752520798991        6.49554937206163       -0.50794175270808      C
       -4.26663101409992        5.30821347200262       -0.95683825676194      C
       -3.93045005933823        2.79293697752745       -0.29334955625672      C
       -5.86224904639722        1.43227634218132        0.83357520110520      C
       -8.13654520881683        2.63546515469977        1.27137617821835      C
       -8.49364221924365        5.15534880146676        0.60705410849217      C
       -6.76254480778439        8.45014166871795       -1.05113804702446      H
       -5.59355758147761       -0.51457091195325        1.35658147253352      H
       -9.65997003397525        1.59828367996869        2.14427998148392      H
      -10.28698531952179        6.05295245901680        0.96697588153008      H
       -0.11502536153430        4.90503492310909       -2.28055682507048      N
       -2.08471864862508        6.55657089629697       -2.14425220250989      C
       -2.00942345605264        8.72920111602029       -2.90305812182313      O
        2.23564332632140        5.54373910959947       -3.51329018273908      C
        2.33795461048925        7.59786687171919       -3.50919779184360      H
        2.20473912322458        4.93119610260572       -5.48140176906355      H
        4.45783463722469        4.37844138457840       -2.18802279489880      C
        6.06653165300310        2.74478959046131       -3.45200655349025      C
        4.88739792021539        4.87077834586720        0.35558825308893      C
        8.07714847110343        1.62075290153565       -2.20677530312386      C
        5.73397840548284        2.34156852272997       -5.42516994466367      H
        6.88755434832551        3.75274210430505        1.60334720111961      C
        3.61989454671684        6.11899007227734        1.35528058506934      H
        8.48865315330204        2.12016178490062        0.32414472215614      C
        9.31517892007196        0.35296134480309       -3.21496989088416      H
        7.20165630996497        4.15051868209874        3.57798873606771      H
       10.05025346973960        1.24564377757939        1.29996697859341      H
       -0.65441385770957        1.63614226417672       -1.05897096181101      Se
        1.41729345962966       -8.18513271309739       -2.10678233496569      H
        0.43244757197472       -3.91115803430459       -2.78324759579607      H
       -0.22020524995932       -7.60591634911962       -1.00696758858758      C
       -0.95268728435660       -4.83365184155984       -1.57585357573251      C
       -1.75918233215076       -8.89180883650947       -1.46051300788062      H
       -2.77495453269818       -4.70420049976280       -2.51884089589143      H
        3.99389251171182       -6.49892045449534        1.15263637101350      H
        2.68066778154591       -2.28904660865795        0.76166016165187      H
        0.37423701534975       -7.89466083178325        1.66501312196345      N
        2.35859117566055       -6.10922434561052        2.33622343238648      C
        1.40912946482607       -3.37273556612422        1.96153193790377      C
       -1.09174693863427       -3.40643013881665        0.78492080051982      N
       -1.87049287006928       -7.33090677387496        3.15056991428322      C
        2.91018295623079       -6.44593007731702        4.28792784957916      H
       -2.86555480612653       -4.66126478837575        2.48588350536021      C
       -3.28978509302095       -8.76859151222494        2.76892744019631      H
        1.25016589219561       -2.36569824664264        3.74635256233248      H
       -4.68713721772054       -4.76788899447782        1.53638551178414      H
       -1.36910752215057       -7.46400207455810        5.14000233560872      H
       -3.09649086588451       -3.49652831201369        4.16495165434814      H
$end
