$coord
        3.72601400697103       -6.92752073305294       -2.41659083885002      C
        4.37646699872339       -6.64771559982183        1.84930167028040      C
        6.12687457658709       -8.58310941288768        1.79971204423595      C
        6.67192450325912       -9.71492610426840       -0.49119103136683      C
        5.44949317653150       -8.87480848234716       -2.64180065050517      C
        2.72007083891560       -6.20286254275682       -4.03786076945337      H
        3.88237070241257       -5.70261707763648        3.58954781282679      H
        7.03444030334829       -9.18200916417950        3.52102993402769      H
        8.02870099552870      -11.23192094731520       -0.59851764866942      H
        5.81676314960499       -9.70631027594842       -4.46362230142656      H
        3.20737243597274       -5.83668313062984       -0.21751144536867      N
$end
