$coord
       -2.54047580337437       -0.62731329535639        0.00000000000000      S
       -2.31372605390027        2.75772571064740        0.00000000000000      C
       -5.91903399363377       -0.95445002088564        0.00000000000000      C
       -0.31478755427747        3.20875684933163        0.00000000000000      H
       -3.19090044923487        3.55056370773893       -1.67837556436325      H
       -3.19090044923487        3.55056370773893        1.67837556436325      H
       -6.34194298402186       -2.96075372807914        0.00000000000000      H
       -6.74223044091733       -0.10447086318307        1.67777992268877      H
       -6.74223044091733       -0.10447086318307       -1.67777992268877      H
$end
