$coord
        0.12281405672953        0.73347319574964       -3.01430648775215      Te
       -2.09154981959297       -1.38796868962780       -4.37180409951089      O
       -0.91833452005496        3.63260125415140       -1.68241863340688      O
        3.42136313259863        0.22460415443221       -3.44692375713286      O
        1.03340617987931       -1.77557967470670        1.68712537426547      S
        2.62660574068232        0.12161389166779        2.24811495182606      H
       -1.21964341377597       -0.95660222996897        3.63775756085504      N
       -2.97466135646590       -0.59214209067018        4.94245509085621      C
$end
