$coord
       -0.14437148544136       -1.96258621610869        0.00000000000000      S
        0.10528079980008       -4.94897313420525        0.00000000000000      C
       -0.11420899984846        4.40888525039126        0.00000000000000      N
       -0.98947118131756        5.12714936337212       -1.53505986890771      H
       -0.98947118131756        5.12714936337212        1.53505986890771      H
        1.66745445914385        5.09024905928188        0.00000000000000      H
        0.23239379449051       -6.42093693753801       -1.98773790390955      F
        0.23239379449051       -6.42093693753801        1.98773790390955      F
$end
