$coord
        3.75454112357568       -6.71937666008401       -2.38403274744893      C
        4.68190399916363       -6.51058252132821        1.80778174170591      C
        5.11571954387996       -9.08391669358487        1.94078954806948      C
        4.84286765792439      -10.50679882925548       -0.23234919695397      C
        4.14734658782595       -9.30205533905431       -2.44278452163599      C
        3.19179428969181       -5.71315626920610       -4.07003373467025      H
        4.86404166120554       -5.33772135646596        3.47009841346214      H
        5.64675072626910       -9.94302644100378        3.70952954804074      H
        5.16074982770354      -12.52009565694575       -0.20235395212309      H
        3.90393474516584      -10.33563291709312       -4.18084803050845      H
        4.01924961274243       -5.33899389803828       -0.30759714637329      N
        0.38729974718618       -1.24541304201958        0.01465463712382      S
       -4.37904212851341        0.36145906524029        0.58347467282699      C
       -5.05786255501291        4.98676425519064        0.48046400102042      C
       -1.07101324154016        3.51789374455127        0.00553085042154      C
       -6.05159809230329        2.53101526747668        0.71699365010728      C
        1.62805801581560        3.53468603986726       -0.36139179099025      C
        3.15768737875899        5.64369107070073       -0.66055149918973      C
       -6.73037184256750        7.03537250524557        0.61857123333128      C
        2.65298480560112        1.10646582644632       -0.39888187860398      C
        5.71389704184695        5.30459313469307       -0.99757489385777      C
       -8.63586962142402        2.15950663870567        1.07892042256341      C
       -9.26549839820091        6.63929441329268        0.97498794235324      C
        5.23192749602305        0.76246291730961       -0.74142799787123      C
        6.73033234729150        2.87498624024190       -1.03657827415210      C
      -10.23614923012554        4.19361955554908        1.20775987104129      C
       -2.53947783900796        5.45797974758455        0.12177829784063      N
       -1.88052561503750        1.06157878386299        0.21787748531901      N
       -4.94648719948831       -1.85407417360813        0.75310064717040      O
        2.30537006292242        7.49406289288550       -0.62214243776159      H
       -5.95860674840945        8.91181668979911        0.43631036114605      H
       -9.31411368145551        0.24559239763531        1.25053155420073      H
        6.93673484866398        6.91663024139675       -1.23395997889609      H
        6.01973371936255       -1.11142994800309       -0.77615417205509      H
      -10.52855052181292        8.23691139788461        1.07729431323317      H
        8.73687170333274        2.63302684108117       -1.30500272077030      H
      -12.23463079397140        3.91286407904990        1.48721521596674      H
$end
