$coord
        2.23517637499601        1.51379270212862       -4.16925890710399      Se
       -0.04275297487080        1.18601876095015       -6.10863928640234      O
        2.43928871727806        4.05002890494241       -2.55768157076643      O
        4.71305745713629       -0.17871177755058       -4.52398638994315      O
        0.69215131047302       -1.70172747700303       -0.39269586013504      Se
        2.82874218532847       -0.71168408661493        1.10900637424826      H
       -1.73250601331256        0.06929928055163        1.08188445798987      O
       -2.59738641739822       -0.90098588936788        3.44263048835033      C
       -4.17026159578571        0.29882069133272        3.97774385711388      H
       -1.12497588280959       -0.77962748867215        4.87362427341087      H
       -3.24053316103496       -2.84522380966957        3.26737256323772      H
$end
