$coord
        1.78159183837218       -8.20144766359430        4.61629214119897      C
        2.32473295268573       -5.73978043160327        3.92604000548120      C
        0.47177069392933       -9.70690610659551        2.93084333195127      C
        0.38478849013918       -6.20549474227580        0.12015634590787      C
       -0.24248946733868       -8.69029505662138        0.63353332889558      C
        1.64700157535186       -4.74963027168913        1.72461035961867      N
       -0.15422338361946       -5.33441622547400       -1.64736478071301      H
        2.37222706143059       -8.91076713590950        6.43206345598717      H
        3.34464705495309       -4.50695088687492        5.19639006241388      H
        0.01405502702448      -11.63699583637478        3.40066269468431      H
       -1.26896904508081       -9.79153956978538       -0.73846188374603      H
$end
