$coord
       -0.60221962214755       -1.35398801240010       -0.29412132040601      Se
       -2.74529414733658       -7.19404392621716       -4.46953279782654      O
       -2.54666824691214       -4.16530843464047       -1.35817205501262      N
        1.46513036469352       -2.09648351655912       -3.09420051782147      C
        3.64023140132478       -0.84848173872143       -3.84503746206718      C
        4.34385202656596        0.74220410839061       -2.79595959446378      H
        0.58042616664276       -4.15809346029667       -4.44744227737495      C
       -1.73103731816850       -5.37399597223633       -3.50103228525912      C
        4.89718594565048       -1.69283877223065       -5.97128151947251      C
        6.59186587804435       -0.73075954903469       -6.57213732627592      H
       -4.72843283580404       -4.80271702489980        0.01038612375353      C
        4.01850335989582       -3.75772587901351       -7.34020895072340      C
        5.03180058613782       -4.38573364872069       -8.99239007641023      H
        1.85808606217070       -4.99517485925349       -6.57493260915946      C
        1.11510546531548       -6.60826284265506       -7.57634553677633      H
       -4.78502181844147       -4.39647012769773        2.60635600244873      C
       -3.12185382506610       -3.68929681734226        3.55076307384508      H
       -6.85832330873943       -5.77798445774688       -1.18513890446652      C
       -6.81812902304136       -6.11441277765828       -3.18704786458461      H
       -8.98974030243828       -6.33028205102466        0.21761689208643      C
      -10.62751132156182       -7.08993305586083       -0.72972775857064      H
       -6.93612182150915       -4.93753575580860        3.98475322925532      C
       -6.94425501377690       -4.61254311354034        5.99734613396417      H
       -9.05089543031064       -5.91235154411189        2.79950018533087      C
      -10.72669435310297       -6.34612135745600        3.87463057317874      H
        1.96648075267892        2.86912544363900        1.14370080103323      N
       -0.03346553788613        1.66089125134043        4.30465438242602      H
        4.42649844273578        1.31280558891147        3.74470169759001      H
        5.79110369239444        1.96614041300388        0.80656062129069      H
       -1.66573027302774        3.72299327976082        2.29720247763920      H
        0.10652291678179        4.82300266792977       -1.71132426215430      H
        3.39913258344121        4.68562505887562       -2.01582490329979      H
        4.50307392475765        2.69873337432467        2.22939173435593      C
        0.15818557238495        3.37004648584889        3.17704100886429      C
        1.87161744608604        4.95669833460270       -0.66825099931188      C
        1.00726011819167        5.62583391471351        4.80277692921795      C
        5.38728433737205        5.29417923196552        3.20862759206471      C
        2.13464521283755        7.52107161454902        0.68376999716510      C
        3.07931514513783        7.01519533249516        3.36018211547837      C
        1.72966140857717        4.98899488790814        6.62099808495411      H
        6.27519275503973        5.10671877834839        5.05302372229820      H
        6.78646515004245        6.11531020859486        1.94284859365487      H
        0.32612326540862        8.49915851877403        0.75793078714493      H
        3.44217600921736        8.74102418751898       -0.32990007204129      H
       -0.57769778006403        6.87749117876668        5.18459269119049      H
        3.55616636775320        8.77729445691927        4.30065458811065      H
$end
