$coord
        2.63820658038875       -4.25234865302265       -0.51938347747482      N
       -0.75831345668516       -5.46040237647632       -2.07013638801183      H
        2.71877940008203       -3.91471941215905       -4.41985567746252      H
        5.54107346192808       -3.07271848918201       -2.89613303146685      H
       -0.50430667553476       -5.83848687421579        1.21047049419445      H
        3.27426023701674       -4.70803210845308        3.32022593527201      H
        5.87968819496566       -3.58579802927770        1.60213135133103      H
        4.00902430468211       -4.44315656749692       -2.91020733369780      C
        0.51775717917197       -6.03107623350775       -0.56272377922515      C
        4.32104473299530       -4.92537177771703        1.56528887286021      C
        1.51528917624671       -8.74763180388633       -0.95388196921258      C
        5.02343136707710       -7.16692389968489       -3.24544607101375      C
        5.28736336777924       -7.66324421467178        1.20245011857633      C
        4.26165196370677       -8.72985571714986       -1.11505935599804      N
        0.77260148694081       -9.57030668675949       -2.68466360743642      H
        4.29816619674975       -8.02226421040302       -4.96792803209826      H
        7.07601201041859       -7.18622253875997       -3.35792294789638      H
        4.72063223533422       -8.86439628037311        2.77110591647277      H
        7.33916582190261       -7.71690204311732        1.08758179328299      H
        0.96533786692526       -9.97262408745803        0.60201439789042      H
$end
