$coord
       -6.82330498289670        1.01725147815777       -0.48118455359174      C
       -4.37563173977631        0.20187358374222       -0.94426288529304      C
       -3.74079128732033       -2.35098200444716       -0.79033826737388      C
       -5.57823530411396       -4.12576723829107       -0.16032493133064      C
       -8.00084567656135       -3.28615209454636        0.29557206315188      C
       -8.64377925909124       -0.73240379973572        0.14181922133745      C
       -7.23059746556353        3.01073585023968       -0.62470301666045      H
       -5.06403402259069       -6.09521807352006       -0.05067489575782      H
       -9.43583245292321       -4.65247850675933        0.78490398195731      H
      -10.56051334948475       -0.13997050226974        0.50966461601589      H
       -0.19537141409262        0.33098118435718       -1.89777692482916      N
       -2.25986281222498        1.83518106975940       -1.62076745242681      C
       -2.27475895634753        4.13469317066810       -1.90584983483354      O
        2.22106238851644        1.32492496946650       -2.59742704650990      C
        1.86409803686356        3.23482146382330       -3.28014862362106      H
        2.99190321762694        0.22574025777833       -4.16070581769134      H
        4.13423415619243        1.42138169312766       -0.48693895861382      C
        6.65197012921880        1.88766745698028       -1.05866973946675      C
        3.44854929954526        1.09953053156897        2.01778625004453      C
        8.44767822174190        2.04894745589430        0.83104580268739      C
        7.20916589261160        2.11686326795009       -3.01084167490266      H
        5.24405915979788        1.25259626896449        3.91460187119410      C
        1.50389582846876        0.69997194203976        2.47577951771709      H
        7.74652028758633        1.73171913135426        3.33270247406459      C
       10.39779224542810        2.40826546143539        0.35156049082691      H
        4.68084839815042        0.98074480401929        5.85568546064857      H
        9.14464190876387        1.84181079592240        4.81334937996737      H
       -0.57350239909476       -2.92833944483614       -1.44680191101083      S
       -0.92935767048510       -8.49438941695333       -0.80705459569966      Br
$eht charge=-1 unpaired=0
$end
