$coord
       -1.12068318094491        1.06774590507069       -2.33553878461153      C
       -1.73228208076679        3.91819613028313       -2.36981369219684      C
        0.52768636714856        0.66014029478501       -3.49841860505615      H
       -2.68166990330980       -0.04390249527241       -3.07863068633549      H
       -0.68849242275053        4.87266089103254       -3.86230748014748      H
       -3.73294854595793        4.23376659809403       -2.73262731312325      H
        1.77616133240786        1.35391280130034        1.09416295348460      C
        2.03930191580901        0.80482698654396        3.05782706937477      H
        3.33547035591932        0.53819740179893        0.02833417556733      H
        1.69402873277132        4.25267652050527        0.80526313533352      C
        2.33294513550549        5.17680796442012        2.52723676009051      H
        2.93571202233874        4.87640160389623       -0.71263783139003      H
       -2.75656749750562        3.83355926558624        2.19854649071420      C
       -2.14043835724518        4.40619239066367        4.07641552876571      H
       -4.68402691749203        4.50931890268168        1.96208128128820      H
       -2.63072250904481        0.93776789660272        1.89939282963832      C
       -2.35023272803875        0.00782648971773        3.71206008029422      H
       -4.37363429926259        0.19561745643405        1.10037259353010      H
       -0.57119239788002        0.20133727946805        0.22166015010267      N
       -1.02643932657567        5.00046325781324        0.20823477982291      C
       -0.09756145755362       -5.16173777652149        1.51028707119484      Se
        1.95739702817049       -5.11706446196285       -1.29682682069213      C
        2.99256594457884       -7.43071417092768       -1.63645539179557      C
        2.21277915199439       -9.19314154077964        0.23966319294670      C
        0.66724056275304       -8.45883894423391        1.99790765402181      N
        4.26618598359757       -7.90012157336557       -3.15417437789332      H
        2.85685601882968      -11.13510404185468        0.26489065876516      H
        2.21333662120115       -3.45208195356262       -2.42848364124270      H
       -1.22077517075200        7.04529054383802        0.20157784160371      H
$end
