$coord
        0.15676601012014        0.73008019249289       -2.95698126781657      S
       -1.73472757534466       -1.00917913507123       -3.71003070340899      O
       -0.53387238561751        3.04045935245384       -1.78750214579955      O
        2.70905959376005        0.32366246404914       -3.68144500529447      O
        1.16429560325718       -1.70732182222235        1.68011278958962      S
        2.64290632926069        0.21657867655356        2.41753437910404      H
       -1.27185220022914       -0.95554587306531        3.44096412785364      N
       -3.13257537520675       -0.63873404416315        4.59734782577226      C
$end
