$coord
       -3.67720823932307       -1.82459425709144       -3.09425626474214      C
       -0.59134141371118       -2.82189060531844       -0.28653236926215      C
       -0.35625872791794       -5.24121417711727       -1.25035259713672      C
       -1.88718803346246       -5.94073523050369       -3.24682405930382      C
       -3.58537359679011       -4.19585226696532       -4.19201763471324      C
       -4.98323027836498       -0.41515487718093       -3.78788420720894      H
        0.58500818557712       -2.20551183223694        1.26689072428895      H
        0.99893511872227       -6.53526725780368       -0.45097992710626      H
       -1.75865982287730       -7.80927261197921       -4.05224593163181      H
       -4.81712335201085       -4.65363275147625       -5.74885281775496      H
       -2.21653611650275       -1.13356790058041       -1.17782642025469      N
$end
