$coord
        1.61608452211739       -0.34973973970584       -1.13390540566626      C
        1.61608452211739       -0.34973973970584        1.13390540566626      C
        1.58395823313578       -0.29818177492998       -3.87283230979855      C
        3.38206797859066        0.36004025886592       -4.61828712506873      H
        1.21976908056325       -2.16641812303385       -4.64640322624129      H
        0.11166901896436        0.96667730480239       -4.55290770341740      H
        1.58395823313578       -0.29818177492998        3.87283230979855      C
        1.21976908056325       -2.16641812303385        4.64640322624129      H
        3.38206797859066        0.36004025886592        4.61828712506873      H
        0.11166901896436        0.96667730480239        4.55290770341740      H
$end
