$coord
       -2.20366897132021       -0.06436331591412       -0.62230457626308      Te
        1.81751628789167        6.70466363042294        1.36963777930114      C
        1.20281445777316        8.64550798055004        1.45902900595496      H
       -3.93777444882464        3.50877524908213       -0.62424060067776      N
        0.06463883798309        4.88686256080429        0.65094054109252      C
        4.25762628014349        6.00455241556780        1.94250882089766      C
        5.62366942241037        7.40978923354976        2.50122071156024      H
       -6.43642381004712        3.64307184866270       -1.28864222787378      C
        0.75771138994186        2.34218136091219        0.50321233513599      C
       -9.97241035943334        6.64369464057386       -1.85533745552244      C
      -11.12895128256553        5.05032746106359       -2.38207366837554      H
       -3.37069636266314        7.85094844295898        0.10588777983131      N
       -7.58069417453431        1.71745717931914       -1.85626039776170      O
       -9.34062143672340       11.06060763651512       -1.09724207323205      C
      -10.08689204676158       12.95820125791019       -1.04920051082889      H
        3.22103855736077        1.65492236240320        1.08320953394846      C
        3.80374619035378       -0.29021506753381        0.98293650837862      H
       -5.85355649519658        8.19538863472093       -0.52593062260618      C
       -2.53759227028081        5.54978320963645        0.02841713454420      C
      -10.91658291581762        9.05765422476796       -1.79266884599687      C
      -12.86368396017073        9.41470040156203       -2.27640868725432      H
        4.95030841468491        3.47800540551278        1.79598588226342      C
        6.86081963695005        2.92052032505030        2.24252646475772      H
       -6.85985606559911       10.64636228451797       -0.47560268056484      C
       -5.62613135760553       12.17566529175964        0.06371684060689      H
       -7.45430078755213        6.19174169348604       -1.22833407525048      C
$end
