$coord
       -0.23549502403362       -1.41112917301114        1.15274238464909      C
        2.13264531567986       -1.54267962258741       -1.65127821454448      Se
        1.05185463117092        1.76724654941497       -2.36249138140916      C
        1.86157922091206        2.75621733125473       -3.95387056903632      H
       -0.70788517018661        2.77191282952799       -0.83539614119888      C
       -1.48888157646343        4.64541055310802       -1.03298760554271      H
       -1.54947829026596        1.12969056051791        1.19328060050184      C
       -3.12689372464046        1.67086390301789        2.77866444302603      O
        0.80668591013275       -1.76030105001654        2.88174541264444      H
       -1.56363555147377       -2.95600012201266        0.93632338995306      H
$end
