$coord
        3.28498405482873      -11.15247194774823        3.04460994691395      H
        1.13593043618141      -11.10512920606595       -3.61727028404758      H
       -0.13669485100532      -11.30860943495932       -2.00952247770157      C
        1.31208994962807      -11.34106189067004        2.48055088720915      C
        1.04626349848600       -3.47030666128107       -2.09702133261419      C
        2.36065626836954       -3.49975672012500        1.96002223570281      C
        0.65117524507720       -6.03967958963530       -2.11076058640324      C
        2.03440412363922       -6.07054902177143        2.17065961332056      C
        1.14962547037914       -7.44387082215252        0.08227659676724      C
        1.89277066237982       -2.17297547268629       -0.12010135487764      N
        0.79341360766909       -9.98163430162022        0.17897463845451      N
        3.03809776171590       -2.43889281965495        3.57013465634856      H
        0.64872956152671       -2.38180967363593       -3.78020436023848      H
       -0.04013532624298       -6.92740243619754       -3.80420785044602      H
        2.46099467846329       -6.98312308968071        3.93677799623913      H
       -0.29263977512431      -13.30067556758470       -1.56931493436871      H
        0.92102341135768      -13.32801272364869        2.18811501353368      H
        0.13637983366035      -10.67772455722740        4.03789554041406      H
       -1.99743749016201      -10.62893636403239       -2.57781887029561      H
$end
