$coord
        3.01850092385836        0.79122624967984        0.00000000000000      S
       -2.87861470337378       -0.58008166957024        0.00000000000000      Te
        3.60514202177977       -1.32020953586773       -2.59095832501271      C
        3.60514202177977       -1.32020953586773        2.59095832501271      C
        3.28036405239926       -0.26847395744266       -4.31956602230278      H
        5.54623090246739       -1.98146212344969       -2.55630925165473      H
        2.31399533987302       -2.91580281275280       -2.53353994157918      H
        3.28036405239926       -0.26847395744266        4.31956602230278      H
        2.31399533987302       -2.91580281275280        2.53353994157918      H
        5.54623090246739       -1.98146212344969        2.55630925165473      H
       -6.74005101977781       -1.20284469339115        0.00000000000000      C
       -3.45556056141282        3.41861093547073        0.00000000000000      C
       -1.58680737321387        4.25179477429552        0.00000000000000      H
       -4.48394743973253        3.94280319901487        1.68561434925622      H
       -4.48394743973253        3.94280319901487       -1.68561434925622      H
       -8.88103758657174       -1.59241570240652        0.00000000000000      N
$end
