$coord
       -0.96698079481800       -0.56215497166164        0.50568863224969      Te
        0.41165340364462        6.64556225690282       -2.30213938713977      O
       -1.60369944606924        3.16802153504409       -0.66637204462617      N
        2.70811605350603        0.50792455620034       -0.45103246149252      C
        4.90994537644392       -0.90315680673985       -0.28320059313183      C
        4.88376340995991       -2.81524065908590        0.40760485439523      H
        2.79762614393308        2.97672361458570       -1.34083797521670      C
        0.44412305586307        4.48235213293813       -1.51285086262811      C
        7.17748898050242        0.16858038887865       -1.01604073062972      C
        8.88846477715934       -0.93407518278260       -0.88725362756549      H
       -4.07461254107021        4.13055278072906       -0.70767578853200      C
        7.27498921092960        2.63384225790394       -1.90835126530470      C
        9.05698167124021        3.44607602599335       -2.47196416067148      H
        5.08393246073772        4.03366198697707       -2.06684675277409      C
        5.06801888806968        5.95663746481498       -2.74420906659583      H
       -4.92087422954043        5.71957018864568       -2.62746783374037      C
       -3.63051065013973        6.30344812902766       -4.08271795436393      H
       -5.75574483790406        3.41257533920131        1.18211836622893      C
       -5.09755719712362        2.23186292920910        2.71154326080564      H
       -8.23233977244393        4.24277454458487        1.15220985982717      C
       -9.50209040824988        3.66630829903626        2.63956548244497      H
       -7.39497982785634        6.55166611214052       -2.63084855377732      C
       -8.02265122631334        7.78504273258194       -4.12855477329750      H
       -9.06710984737772        5.82189413397856       -0.75450112320136      C
      -10.99488296190082        6.48226743199473       -0.77680083633494      H
$end
