$coord
       -1.34023760922691        1.94416006358536       -2.87976025535053      C
       -1.67049087108089        4.80756568419036       -2.42773890017699      C
        0.25143845437444        1.57777599411908       -4.13101689746527      H
       -3.01027022172257        1.13527507916139       -3.76519237590449      H
       -0.50726353000195        5.89595684717252       -3.72878925875764      H
       -3.62283193700495        5.38052894442176       -2.73712032595715      H
        1.56134161293110        1.38712889533801        0.50882822323314      C
        1.77958079183036        0.47247234923940        2.33711632798037      H
        3.05024605508063        0.65462890854255       -0.70733507091173      H
        1.72401660767031        4.28814838061791        0.75502419939265      C
        2.40551798862280        4.82819015511446        2.61885370617390      H
        3.03891525723741        5.07308259819321       -0.62019148451053      H
       -2.76765943396669        4.02175746828241        2.05704625514658      C
       -2.14727236280226        4.23042461744264        4.00824535957354      H
       -4.63135703786445        4.88108075475340        1.92025786269810      H
       -2.85793883189908        1.20957079558651        1.28628007021801      C
       -2.63735488082439       -0.01843786882531        2.92047440470547      H
       -4.65852619727595        0.73997101902915        0.41107514745048      H
       -0.87085250555730        0.60329695501120       -0.52134198963037      N
       -0.91402292092903        5.35973383122860        0.29929614642567      C
       -0.93307986403276        7.38431137901979        0.64859784761583      H
        0.07288673662661       -5.18320506529718        1.68644280518926      S
        1.52812797553738       -5.24617848764665       -1.18279715585289      C
        2.94138686989097       -7.37193896413668       -1.47613102738278      C
        2.84312205627377       -8.97140863622118        0.66510025894430      C
        1.35251856136559       -8.01651056127139        2.52860114235248      C
        4.01076795497729       -7.78246911457282       -3.15830853173615      H
        3.83117972245012      -10.74429129380282        0.81400727605737      H
        0.94516220595575       -8.83118850113038        4.34274918239963      H
        1.23294897541942       -3.70943241611793       -2.47227256397502      H
$end
