$coord
       -3.97415696795674       -0.70591758734565        0.00000000000000      Te
       -3.61318016082345        3.69677106211036        0.00000000000000      Cl
       -8.44257010305444       -0.76919072025848        0.00000000000000      Cl
        1.48845185274269       -0.33001024307435       -1.13866959419904      C
        1.48845185274269       -0.33001024307435        1.13866959419904      C
        1.60683828116223       -0.22259688734264       -3.87555918459638      C
        3.55092332262044        0.01693326888489       -4.49717419979659      H
        0.86486736497540       -1.93883009105087       -4.72361630185760      H
        0.50387279441654        1.36367229187094       -4.57639907784517      H
        1.60683828116223       -0.22259688734264        3.87555918459638      C
        0.86486736497540       -1.93883009105087        4.72361630185760      H
        3.55092332262044        0.01693326888489        4.49717419979659      H
        0.50387279441654        1.36367229187094        4.57639907784517      H
$end
