$coord
       -1.91549613080928       -2.03904982634399        0.00000000000000      N
        1.65295704723360       -2.55412094880242        0.00000000000000      Se
        1.68505385648766        0.96443306605679        0.00000000000000      C
        3.51772688173446        1.84264189747201        0.00000000000000      H
       -0.58572023438088        2.07072919509712        0.00000000000000      C
       -0.86316358790144        4.08698268828197        0.00000000000000      H
       -2.76696552653373        0.37620289743719        0.00000000000000      C
       -3.17146272631702       -3.45969868368052        0.00000000000000      H
       -5.00678420272748        0.99743732179590        0.00000000000000      O
$end
