$coord
       -0.58241037907361       -1.03608845714060       -0.56130875230303      Se
       -2.15242262238230       -6.17355515823530       -5.77288635460788      O
       -2.41628678191657       -3.54814240165545       -2.31953620584302      N
        1.94650124528115       -1.57757946260212       -3.00505042022115      C
        4.27519204036228       -0.39473714229485       -3.17691515310439      C
        4.82871001877135        1.01680455792930       -1.82454625804787      H
        1.24527509201248       -3.40018194835821       -4.75084876709428      C
       -1.25851904858427       -4.55412166347986       -4.41124287270433      C
        5.87715728476696       -1.06643613589371       -5.12519633142232      C
        7.69456982669439       -0.15433601129649       -5.27809596189148      H
       -4.84640805981887       -4.19070408608402       -1.46739406761821      C
        5.18729670030221       -2.89466603707631       -6.88385558738179      C
        6.46939216098986       -3.39085104767267       -8.38742014686090      H
        2.86823557160692       -4.06547458142199       -6.69596937846879      C
        2.26086965830418       -5.49507148093122       -8.01663036990769      H
       -5.37938414833547       -4.08690294183952        1.10389844453341      C
       -3.89774041190195       -3.60883586943556        2.42094268914241      H
       -6.74934998409184       -4.87347044970433       -3.14915318660759      C
       -6.34281282495702       -4.97545745686920       -5.13575253052706      H
       -9.13171826077021       -5.44071275306606       -2.24441543499189      C
      -10.59058342747016       -5.97200849711265       -3.56579414441292      H
       -7.77592782759245       -4.63872942639443        1.98255362925927      C
       -8.15412967732426       -4.55075568330669        3.98388036475836      H
       -9.66621935826937       -5.32383016869649        0.31387179299748      C
      -11.53410062683443       -5.76570652917000        0.99797079148088      H
$end
