$coord
       -6.84272286369024        3.21852106421755       -0.61401208008302      C
       -4.30930707711744        2.60588092530100       -0.88275192199142      C
       -3.51906197324151        0.11015629320160       -0.65565049448552      C
       -5.26908140135921       -1.77354916398580       -0.15049703267432      C
       -7.79118528735002       -1.14141933468298        0.11113365955325      C
       -8.58773735216688        1.34798662017353       -0.11915649181533      C
       -7.37231256299151        5.17840875142028       -0.80480582161136      H
       -4.69600362372465       -3.71479583680483        0.04445316146512      H
       -9.15113708642681       -2.61067799506835        0.50112513263135      H
      -10.56113847088677        1.81169328581126        0.09036727019719      H
       -0.05091205638646        3.63279003779125       -1.58950495725677      N
       -2.41512289959641        4.59698121890409       -1.41303496180782      C
       -2.95124746080924        6.82937629498988       -1.65684364695410      O
        2.05997268502317        5.25958760628173       -2.16662939441459      C
        1.32228691179653        7.18132115611054       -2.16622064665383      H
        2.76712350763775        4.87082955744517       -4.06398642209886      H
        4.18655670415831        5.00361872249613       -0.30068018183934      C
        6.66821175834207        4.81025759905488       -1.11459580617967      C
        3.69331361919276        4.98191767459882        2.27778818732530      C
        8.62948461479416        4.61654971086976        0.60775803147359      C
        7.06656167904198        4.80867381958983       -3.11717467420893      H
        5.64430485374600        4.78840405025932        4.00097520522690      C
        1.76056655653705        5.10772354572885        2.91889591647358      H
        8.12145158831426        4.60552977297403        3.17071893011437      C
       10.55166300615270        4.46574767639892       -0.05537634538326      H
        5.23519861194476        4.77966841330303        5.99851285087351      H
        9.64428644097658        4.44924299739910        4.51695660875956      H
        0.39080972449005       -0.23135501203981       -1.10694978530684      Te
$end
