$coord
        3.17885552388915       -5.02195567994638       -0.00053857194552      Te
        4.14463747645369        3.09229491799740       -0.00023848343693      C
        2.79228180948005        4.61686491718735       -0.00048792728538      H
        0.01225222830159       -2.38948933163377       -0.00085510107139      N
        3.22400164792417        0.63020854475192       -0.00026399473961      C
        6.70964532643266        3.53009173771308        0.00013058007521      C
        7.42846898731902        5.43890277338390        0.00016497309068      H
       -2.38657461805916       -3.34192717214192       -0.00116199259403      C
        4.89097384896101       -1.42325913603247        0.00001587369945      C
       -6.88597907262802       -2.09893808182239       -0.00054121756209      C
       -7.32455729409623       -4.09051458640889       -0.00091689511567      H
       -1.16616416444921        1.90764431876148       -0.00031596220804      N
       -2.76815378632089       -5.62386255242031       -0.00154768569606      O
       -8.04216661697491        2.27202414469998        0.00090007655316      C
       -9.49291522099701        3.70720159442782        0.00164047124878      H
        7.47499857984988       -0.95914013215434        0.00047205358593      C
        8.78274215939132       -2.52068923701392        0.00075929195687      H
       -3.62469690771734        1.14648002124471       -0.00020579117497      C
        0.51791194774158        0.10269716624250       -0.00055728023415      C
       -8.73371378200588       -0.28005306529866        0.00030670255003      C
      -10.70298509325303       -0.80782503704067        0.00056861859090      H
        8.36708801656827        1.49222676964923        0.00053743810984      C
       10.38265402738899        1.81664172264119        0.00090064347099      H
       -5.54968513285058        2.97637571600616        0.00064099510147      C
       -4.99506638897393        4.93794771610377        0.00115878005962      H
       -4.34492274538817       -1.41337908093512       -0.00080521230170      C
        8.11106905504037       -7.69656915693424        0.00023942829999      I
$eht charge=-1 unpaired=0
$end
