$coord
        0.37220007956002       -4.86843149499303        1.87125802017714      S
        1.32502436906065       -5.13485585548093       -1.19092335613399      C
        2.47961830736665       -7.38873541685014       -1.62401872622422      C
        2.59615242623884       -8.91889106851924        0.56668086573010      C
        1.52032435150576       -7.78619470962751        2.60751459353573      C
        3.21812327686831       -7.93790967078915       -3.43913751858158      H
        3.43640006131746      -10.77144930383020        0.62354159098426      H
        1.34294672059916       -8.51670235816978        4.49308558835336      H
        0.95949804628234       -3.60747640046151       -2.47339562821088      H
$end
