$coord
        3.71444737130745       -6.81452626018477       -2.41740266519315      C
        4.46254666931643       -6.50751417301966        1.81563657731551      C
        5.61370168402084       -8.85107333324931        1.87836225657004      C
        5.80220507748614      -10.20718634267654       -0.34632538254388      C
        4.83364730621714       -9.17144956356774       -2.53991531060581      C
        2.91973967918822       -5.93968114127138       -4.08242447989678      H
        4.26346780153991       -5.38818781543223        3.51181355074530      H
        6.33514677298727       -9.58935512609566        3.63385697716121      H
        6.68485646604773      -12.04434123137310       -0.36895296316008      H
        4.93292066666705      -10.16518434496767       -4.31470961513512      H
        3.53698772628704       -5.50318464210205       -0.28750387746282      N
$end
