$coord
       -6.35421165294073        2.73365324543631        0.00000000000000      N
       -3.63290984642755        0.54531411038425        0.00000000000000      Se
       -1.71843246697206        3.50100639601121        0.00000000000000      C
        0.30372377473566        3.32581990254611        0.00000000000000      H
       -3.09280760069501        5.61219519435429        0.00000000000000      C
       -2.30976065260036        7.48928264168066        0.00000000000000      H
       -5.84042346554830        5.27011640435766        0.00000000000000      C
       -8.15669252389447        2.14412067757162        0.00000000000000      H
       -7.44819243682691        6.91290540223251        0.00000000000000      O
        4.21917035350746       -3.92977826170092        2.24826707477909      C
        2.08013020462188       -2.43291145852530        2.15318021358566      C
        5.30869289552044       -4.69179331391900        0.00000000000000      C
        2.08013020462188       -2.43291145852530       -2.15318021358566      C
        4.21917035350746       -3.92977826170092       -2.24826707477909      C
        1.02929848220222       -1.69232665645088        0.00000000000000      N
        1.16523120666148       -1.79982316013207       -3.86557424969911      H
        5.00284374581242       -4.48083562772312        4.04523920510695      H
        1.16523120666148       -1.79982316013207        3.86557424969911      H
        6.97781277029791       -5.86185277082888        0.00000000000000      H
        5.00284374581242       -4.48083562772312       -4.04523920510695      H
$end
