$coord
        0.69335185347999       -1.47805571344070        3.06156267997792      H
        0.06286740871387       -3.91734745428056        0.91093605330446      H
       -0.68677352786757       -2.18092422768428        1.71241595693649      C
       -0.91092414802987       -0.33125632848093       -0.33611953866264      N
       -0.47762865594304        2.77203585069870        2.03300440349871      H
       -1.93900848119703       -3.02553372860375       -2.99263000629447      H
       -1.85229688618792        2.06662225331049        0.67965644133703      C
       -2.70620213888701       -1.28161131285452       -2.21918740225559      C
       -1.94064498402095        3.41327208122345       -0.86898394436527      H
       -2.79924488333143        0.09282032367956       -3.74570929955966      H
       -3.30653600333481       -2.57493023494151        2.94929556269512      C
       -3.26778622428640       -2.07260682697455        4.94140591491182      H
       -3.89994761201550       -4.53758145762890        2.81437648732911      H
       -4.46516658561560        1.63217799671250        1.91760846667138      C
       -5.30923108952073       -1.69587631800336       -0.96123546048132      C
       -5.19053569087981       -1.01093487961361        1.69839381114658      N
       -4.43229404378738        2.13152659781409        3.91057788838433      H
       -5.89364023191635       -3.66089687930579       -1.09971742548269      H
       -5.91131446241470        2.77812417032700        1.01325319562330      H
       -6.75736147799717       -0.55033378988908       -1.86272345008051      H
$end
