$coord
        4.58080686403085        1.36697175368453        0.00000000000000      Se
        4.38735125428337       -1.06893548766614       -2.73801114285230      C
        4.38735125428337       -1.06893548766614        2.73801114285230      C
        4.46121365650812       -0.01321202020028       -4.49174293794181      H
        5.97868773410012       -2.35541265631894       -2.64571313947358      H
        2.61455363437733       -2.08984434176550       -2.63219120418886      H
        4.46121365650812       -0.01321202020028        4.49174293794181      H
        2.61455363437733       -2.08984434176550        2.63219120418886      H
        5.97868773410012       -2.35541265631894        2.64571313947358      H
$end
