$coord
        0.56242954886755        4.95307799729315        0.60360365756123      C
       -0.02262663575314        3.94850563656853       -2.87437623664887      Se
        0.47601936517531        7.35834918768408       -3.72141724817289      C
        0.34641533350741        7.91144462333168       -5.67763981155692      H
        0.96840149091849        8.93754096461573       -1.81404939634344      C
        1.28760722487533       10.93729129058166       -2.03011954759687      H
        1.05016351526200        7.78619281990138        0.68372766729991      C
        1.44933735655223        8.87473553891875        2.65221946652065      O
        2.18003454462481        3.93558350035576        1.34276587380904      H
       -1.07771345448761        4.48568220831493        1.73802250181555      H
       -0.33246518628285       -1.10816809173938       -0.01166206683287      N
       -3.55044975725361       -0.82698799378000        2.20468413219435      H
       -3.53615624679221       -1.66466427852084       -2.19559530542538      H
       -0.65632096931454       -2.05291663664645       -3.79721964323717      H
       -0.68021258773550       -0.50351053391846        3.84743646938239      H
        3.20414591758756       -1.01876703850971        1.67637037597242      H
        3.21599733497812       -1.62485587489743       -1.58953783849133      H
       -1.64084087921298       -2.44673064772943       -2.03407323259480      C
       -1.63846606039217       -1.56789745080263        2.36964758527048      C
        2.24920589071780       -2.05321351262063        0.17499808777048      C
       -1.64849332515463       -4.43801367784877        2.94909827528771      C
       -1.69778286269049       -5.31155545265401       -1.44890460926969      C
        2.21055494434571       -4.92872585261562        0.71841264545425      C
       -0.38950562449145       -5.80817717895778        0.92144122980384      N
       -3.56637995951155       -5.15918985878767        3.12054840225921      H
       -3.62645227431450       -6.00356578955813       -1.27473800099405      H
       -0.77977450936464       -6.39835622212970       -2.93372951066140      H
        3.18008705840457       -5.37433650088399        2.47621566650665      H
        3.13188524722603       -5.98667050416835       -0.78492741456126      H
       -0.66864462926364       -4.85210029285145        4.70879820342400      H
$end
