$coord
       -6.99688142970362        4.01695227269273       -0.01997742869904      C
       -4.57963806842277        3.30196815734637       -0.73300813415037      C
       -3.95122835396888        0.76324375214430       -0.97510245975640      C
       -5.72974050567577       -1.11089969085252       -0.51374831417120      C
       -8.12833510469580       -0.37246086176521        0.18786939035049      C
       -8.77327444253436        2.17081589367107        0.43612800257503      C
       -7.42412885332861        6.00208726783823        0.16028619194508      H
       -5.22646996697514       -3.07368168258773       -0.68602992063753      H
       -9.53493195856966       -1.80190620523924        0.55674147323244      H
      -10.66583402250606        2.68339786887815        0.98949650364763      H
       -0.44113237529825        3.56229002526004       -1.96095405965486      N
       -2.47457935265535        5.01109447904513       -1.26127691489054      C
       -2.43330187594265        7.30613189746335       -1.11726920172817      O
        2.02440123634377        4.62853208628075       -2.45917222658870      C
        1.68479779859778        6.63365414772853       -2.75507593667546      H
        2.77304156294222        3.83113682566709       -4.20056618878319      H
        3.84596078225167        4.21971553949441       -0.31830074411576      C
        6.03260502194256        2.82240177623515       -0.65223840499491      C
        3.31866898991793        5.23088436720225        2.04634568096592      C
        7.68276640834740        2.43666048618394        1.34371168173441      C
        6.44678007612787        2.02662714474596       -2.48631644161536      H
        4.95878629299779        4.84497659227947        4.03980794325217      C
        1.61384916508458        6.32441426243510        2.30337489008005      H
        7.14677734049770        3.44620641709595        3.69264786867905      C
        9.38162698184676        1.34538673497127        1.06130515152014      H
        4.53780671298295        5.64220669082984        5.86835399561542      H
        8.42833290643155        3.15006989275065        5.25015144785105      H
       -0.82618259250568        0.36731173602085       -1.87252545948892      S
       -0.05045625444520       -9.56332490461947       -1.99468888351375      C
        1.79437640252308       -9.65463439226239       -0.14787069130632      C
       -0.50052079821669      -11.19772597514496       -3.12409692997602      H
       -1.32244923927063       -7.31161701651267       -2.37401266364574      C
        2.82694411092090      -11.37659327715560        0.20508895274326      H
        2.29139969562833       -7.49561889337651        1.23487252764167      C
       -2.77386057024463       -7.17109924955724       -3.80514345385032      H
       -0.85872367637165       -5.23060430979059       -1.05494905769998      N
        0.91995703890556       -5.33300573389458        0.71015189667309      C
        3.71553604252784       -7.47490069203662        2.69108905420536      H
        1.26725487451317       -3.60009286254739        1.73490143014813      H
$end
