$coord
        3.41689619798525        0.97464892548649        0.00000000000000      S
        3.43764860336800       -1.22680075147297       -2.58338732626703      C
        3.43764860336800       -1.22680075147297        2.58338732626703      C
        3.40673230602398       -0.13705370999638       -4.31936363263484      H
        5.13887057863269       -2.37342533676621       -2.54614365893995      H
        1.77760753981103       -2.43335951258945       -2.52573839624629      H
        3.40673230602398       -0.13705370999638        4.31936363263484      H
        1.77760753981103       -2.43335951258945        2.52573839624629      H
        5.13887057863269       -2.37342533676621        2.54614365893995      H
$end
