$coord
        4.20554958554642        1.10153383023368        0.00000000000000      S
        4.50552187597948       -1.07761821229093       -2.58369024936480      C
        4.50552187597948       -1.07761821229093        2.58369024936480      C
        4.32551488014309        0.00221343620977       -4.31672595291009      H
        6.33895211448442       -1.99913219655057       -2.55333236609061      H
        3.00627401788684       -2.47947071975631       -2.52447624816766      H
        4.32551488014309        0.00221343620977        4.31672595291009      H
        3.00627401788684       -2.47947071975631        2.52447624816766      H
        6.33895211448442       -1.99913219655057        2.55333236609061      H
$end
