$coord
        1.69122286742149       -1.33663163383591        2.93978098063027      H
       -0.83260255906886        2.41223558705060        3.09659385595830      S
       -0.27970176521210        1.38270315675415        7.90870206380702      C
        0.17153762129107       -1.04681133008953        6.71414004002007      C
       -0.06693239858054       -0.81330921122693        3.85303667275270      C
       -0.79726335773017        3.22529233086729        6.25146062950368      C
        0.66991131268497       -3.02416292127295        7.74180938933026      O
       -0.19654890244087        1.62168699315905        9.92643218898565      H
       -1.19137008738985        5.16380324717570        6.73798876165801      H
       -1.54052155535309       -2.05640261442854        3.15685835590812      H
$end
