$coord
        3.75454112357568       -6.71937666008401       -2.38403274744893      C
        4.68190399916363       -6.51058252132821        1.80778174170591      C
        5.11571954387996       -9.08391669358487        1.94078954806948      C
        4.84286765792439      -10.50679882925548       -0.23234919695397      C
        4.14734658782595       -9.30205533905431       -2.44278452163599      C
        3.19179428969181       -5.71315626920610       -4.07003373467025      H
        4.86404166120554       -5.33772135646596        3.47009841346214      H
        5.64675072626910       -9.94302644100378        3.70952954804074      H
        5.16074982770354      -12.52009565694575       -0.20235395212309      H
        3.90393474516584      -10.33563291709312       -4.18084803050845      H
        4.01924961274243       -5.33899389803828       -0.30759714637329      N
$end
