$coord
       -0.34950522469378       -1.54347614214894       -0.67887976389981      S
       -2.45896643541373       -5.67606056743458       -6.17785768667584      O
       -2.33471202943201       -3.41983869053390       -2.44876512687519      N
        2.02133213214477       -1.92061294223691       -2.89906286285046      C
        4.45140673381179       -0.93536832236968       -2.81774454620102      C
        5.05882007924025        0.19240227640562       -1.24012955674775      H
        1.24950429907938       -3.41198744540394       -4.91213726977586      C
       -1.34417031826486       -4.33255977913567       -4.69290277212676      C
        6.05740748835559       -1.46576474575356       -4.80105671152671      C
        7.95282584600862       -0.71478021389751       -4.76725272369166      H
       -4.78712697334430       -3.88547438859965       -1.52876840372102      C
        5.29043436170436       -2.95462704701051       -6.83460989149201      C
        6.59157788378295       -3.33800428967982       -8.35441759187531      H
        2.88199485649289       -3.93911804409925       -6.89165316428981      C
        2.22237177974819       -5.11103585768009       -8.42362068536719      H
       -5.21394335044026       -3.89316916440649        1.06333037100790      C
       -3.65555330074320       -3.62272554542414        2.34872000227599      H
       -6.79427160866325       -4.28848437392286       -3.17647409102690      C
       -6.46538764235917       -4.29792147721661       -5.17945981709080      H
       -9.18565180025732       -4.70112572638543       -2.21284756008010      C
      -10.72980843278373       -5.01776426740197       -3.50546274815829      H
       -7.62059630857351       -4.28611409044475        1.99787704045859      C
       -7.92162155440321       -4.28855334892641        4.01392228582451      H
       -9.61949134449543       -4.69807362972156        0.36650123248600      C
      -11.49523444065674       -5.01605860060189        1.09608140344631      H
$end
