$coord
       -0.54775620345509        0.33954863568838        0.04552992741093      S
        2.55053953985104        7.10235233595184        0.59182291592773      C
        1.77694764744832        8.97374377079337        0.81868623794193      H
       -2.73111061893563        2.72443213783861        0.38420928908198      N
        0.91225338138593        5.05949754605593        0.45760001566603      C
        5.11117021720755        6.67530919172092        0.43195473140142      C
        6.41666218807151        8.23592023653224        0.53043535174205      H
       -5.27670077709368        2.11469613003038        0.43724086228982      C
        1.83186157684889        2.60630535778859        0.16611713087521      C
       -9.48548670760112        4.05010411604217        0.82573756200333      C
      -10.25445651887564        2.16943053544911        0.66939088211025      H
       -3.19830250646501        7.12157406317364        0.85300045183062      N
       -5.94830717411243       -0.07117483373032        0.24573280428637      O
       -9.91973159809297        8.52884271468480        1.30338908363248      C
      -11.12065897535808       10.16199108576228        1.52434020849319      H
        4.41438189676994        2.17761966361015        0.00489760319718      C
        5.13270931557597        0.29057865084019       -0.22131829864672      H
       -5.75600750983538        6.73946407084350        0.92918967383262      C
       -1.80835338385861        5.13851474320342        0.58842670013656      C
      -11.00636833934104        6.12907894211146        1.10782378363948      C
      -13.03166568381310        5.91896067226014        1.17863578995387      H
        6.02457670947473        4.22256751416169        0.14061754449481      C
        8.03545506567071        3.90956348340063        0.01707367553595      H
       -7.34896235110525        8.83531963141141        1.21726821700993      C
       -6.48804167914112       10.67555269499237        1.36701408354972      H
       -6.86618967167838        4.33012770161329        0.73392465132081      C
        2.61453700478743       -3.91920146458142       -0.51003424644587      N
       -0.84098935258253       -4.81295442720732       -2.10801273564543      H
        2.79475583892240       -3.57354013179774       -4.39793750003349      H
        5.65115000868722       -3.02857108540385       -2.81883076077745      H
       -0.71101077719673       -5.10604414612190        1.17461124022626      H
        3.13205910202950       -4.35477539945671        3.33682888003031      H
        5.83738932128261       -3.43765578432727        1.66676206349179      H
        3.99533758527932       -4.24810376122891       -2.87260783094145      C
        0.33352721236488       -5.47320168049098       -0.55646614013608      C
        4.19989949340642       -4.68164208312276        1.61172700264663      C
        0.97816230429738       -8.30186468629484       -0.83460718054185      C
        4.76770947049599       -7.03268550366897       -3.27830349503298      C
        5.02096886496410       -7.47231535772553        1.38132970380678      C
        3.84240715227432       -8.55685318016698       -1.01437720472222      C
        0.09447799143607       -9.09128360190909       -2.51520033851235      H
        3.94171074834223       -7.77540456242854       -5.00893093160505      H
        6.80904813312211       -7.20799010501686       -3.45884018110210      H
        4.40519348143420       -8.55253458905439        3.01916629642684      H
        7.06989761256977       -7.62836100424696        1.28954608387919      H
        0.27758205941811       -9.37349719108603        0.77467489444474      H
        4.36772928306837      -10.53144066894792       -1.22923830920111      H
$end
