$coord
       -6.64297937923569        0.93738976240518       -0.43465174852647      C
       -4.28454183830907       -0.10190291435232       -0.91571517067362      C
       -3.94000413667908       -2.70991677353018       -0.80727021345048      C
       -5.96513594114263       -4.26802582095250       -0.21677936546800      C
       -8.30514279420322       -3.20913819606358        0.25733685652721      C
       -8.65778779885305       -0.60796155497721        0.15255513339665      C
       -6.82094433702182        2.96693483326017       -0.53917476815058      H
       -5.69526944451873       -6.28575783585725       -0.13549978820411      H
       -9.87624824407500       -4.42966014351488        0.71546372783678      H
      -10.49597050958879        0.19374284811842        0.52878505391742      H
       -0.00410467411529        0.18349694204334       -1.92111201890642      N
       -2.11045180515448        1.54380155298760       -1.54681188670412      C
       -2.27874268799084        3.86278860441880       -1.69631662419040      O
        2.29189593770865        1.45380844856308       -2.58091839908521      C
        1.79856724814965        3.37797275310599       -3.13631041889206      H
        3.15469575333110        0.53575228516628       -4.21550693044227      H
        4.22402808348341        1.57371837418430       -0.48777006016343      C
        6.73302785263565        2.09395147252475       -1.05454182172013      C
        3.55220814741257        1.22249708919676        2.01896619503674      C
        8.52895024010129        2.27951105063311        0.83423074709783      C
        7.28197515046710        2.34768651105843       -3.00644636090940      H
        5.34479233367906        1.40245986544183        3.91557715884701      C
        1.61328791642556        0.78325066057088        2.46606084523078      H
        7.83826214456656        1.93438186472612        3.33518878672675      C
       10.47160702655451        2.67946553778543        0.35457158043388      H
        4.78889178857208        1.11255943730778        5.85679454091111      H
        9.23582497372906        2.06388290632024        4.81527444397052      H
       -0.23996328145529       -3.88678170113266       -1.57271133913249      Te
$end
