$coord
        0.72800281656409       -3.87017138644247        0.11820331395807      Te
        0.29600027509172        4.15755734499511       -0.37587125050232      O
       -0.84763381860931       -0.04338452134165       -0.31098504736951      N
        3.96262359147295       -1.59342972944499        0.06441188187553      C
        6.44456191560279       -2.42774891572545        0.21359366516711      C
        6.84179935453313       -4.41868763774489        0.38129722112394      H
        3.45981112238493        0.98173879996084       -0.14478968183274      C
        0.81112260912813        1.89508500996464       -0.27904848689081      C
        8.39712521331911       -0.69614959300749        0.15441708054723      C
       10.32296192548231       -1.36313296403497        0.27645937312747      H
       -3.45423983182433        0.22617508375961       -0.22287770064476      C
        7.90713566982232        1.87434224218513       -0.05700680108359      C
        9.44785337874715        3.21068380306091       -0.10295757050247      H
        5.43990187158599        2.70157608933394       -0.20423800906934      C
        4.96725736829663        4.67864270981776       -0.36502875788969      H
       -4.95328246565984       -1.70990526680732       -1.21237439326500      C
       -4.04734039158491       -3.27112177986897       -2.16193304704968      H
       -4.66664408276210        2.26888398679870        0.92981857468689      C
       -3.53980644177453        3.78829503366843        1.66911685121568      H
       -7.27082652222229        2.32127305312416        1.10753692321376      C
       -8.16652155638646        3.91110795656229        2.02170799867096      H
       -7.55363537512848       -1.64340504859148       -1.01257119346492      C
       -8.65318423704086       -3.18135997792211       -1.78090246628192      H
       -8.73932362297943        0.37327892420456        0.15533605436164      C
      -10.77110046038759        0.42755072466799        0.31879887592221      H
$end
