$coord
        4.40074808969864        1.17715197700081        0.00000000000000      S
       -2.39723815360778       -0.39607091099361        0.00000000000000      Se
        4.36926676424336       -1.02446626352896       -2.58273480383620      C
        4.36926676424336       -1.02446626352896        2.58273480383620      C
        4.36784871375945        0.06878792066231       -4.31711882697140      H
        6.03999649670640       -2.21643407129202       -2.54708927789271      H
        2.67310755423914       -2.17909988608357       -2.52869789633006      H
        4.36784871375945        0.06878792066231        4.31711882697140      H
        2.67310755423914       -2.17909988608357        2.52869789633006      H
        6.03999649670640       -2.21643407129202        2.54708927789271      H
       -2.72280772926189        3.25616686526395        0.00000000000000      C
       -5.99400094077837       -1.14528420255305        0.00000000000000      C
       -0.81498350857334        3.99878784723765        0.00000000000000      H
       -3.71344732824230        3.87633075977306       -1.68244924697010      H
       -3.71344732824230        3.87633075977306        1.68244924697010      H
       -6.18875838285310       -3.18456892185433        0.00000000000000      H
       -6.87825179353184       -0.37820978658153        1.68129538019840      H
       -6.87825179353184       -0.37820978658153       -1.68129538019840      H
$end
