$coord
        7.82297671686235       -6.15410496312503        0.00000000000000      N
        4.82177755848318       -4.34414569000572        0.00000000000000      Se
        6.94807093774035       -1.53898010575324        0.00000000000000      C
        6.08222639538591        0.29691735918000        0.00000000000000      H
        9.40329647131778       -2.10527905783356        0.00000000000000      C
       10.89691200069600       -0.72466215872099        0.00000000000000      H
       10.02607140041328       -4.80323197526876        0.00000000000000      C
        7.89269608353148       -8.04914613144358        0.00000000000000      H
       12.12551422808356       -5.74569943177080        0.00000000000000      O
$end
