$coord
        0.81255861201023       -3.37616088369771        0.02654970718785      Se
        0.28610661396627        4.28587012680206       -0.18806837851141      O
       -0.77332260642996        0.05231612289705       -0.15535570751333      N
        3.84870334177633       -1.48754365036720        0.02422345432845      C
        6.28830235208406       -2.45134328022701        0.09676153648507      C
        6.58616684199771       -4.46373152759657        0.16545742748510      H
        3.47155161285197        1.11260479073477       -0.06181086283760      C
        0.84801705506738        2.03699399329301       -0.13146144347580      C
        8.30650226317727       -0.79907447124800        0.08455957489839      C
       10.20043397328805       -1.55808278022919        0.14441797270403      H
       -3.39356658411375        0.20740632388988       -0.11435129622564      C
        7.94052618558130        1.80232213395927       -0.00218168881087      C
        9.54492539723449        3.06137200661195       -0.01109798358467      H
        5.51608277879303        2.75174359362730       -0.07574286869136      C
        5.13176010614358        4.75322490872338       -0.14497922136304      H
       -4.81139408034622       -1.86963058803861       -0.92067778044949      C
       -3.85434833165580       -3.51118521680886       -1.65585891067056      H
       -4.68740234629583        2.33010695583893        0.77685563839255      C
       -3.62234419869219        3.94984885389791        1.37795975520874      H
       -7.29742574023461        2.33592277696006        0.86225614141640      C
       -8.25538573842412        3.99565184673384        1.56423213801132      H
       -7.41751443394721       -1.84086479902442       -0.81254481700952      C
       -8.45567686550958       -3.48104748662819       -1.44109796167627      H
       -8.68897319319721        0.26245536870836        0.08044715290599      C
      -10.72627955821862        0.28550549208603        0.16326099881046      H
$end
