$coord
       -1.45016278892347        1.51013457029658       -2.32625078070902      C
       -1.70879883216136        4.41892952268884       -2.51926967474911      C
       -0.01567622306679        0.79610590047884       -3.61588303609950      H
       -3.21535822960277        0.55598369305647       -2.77346599542981      H
       -0.46853359307786        5.18541604486299       -3.96904242420045      H
       -3.63289605142684        4.96735109871241       -2.99317519228142      H
        1.71535807153991        1.96708508709358        0.83311750943781      C
        2.22917762838601        1.41056830229736        2.74485119553297      H
        3.12759689173143        1.17592497782810       -0.43567711392169      H
        1.52118890120778        4.87247172944747        0.55893771293447      C
        2.01759463181549        5.82393541613837        2.31267045288705      H
        2.78295166468496        5.57185634460769       -0.90616222716844      H
       -2.77385830257328        4.66720381964021        1.82893269032834      C
       -2.25946785946494        5.55318887405824        3.61153836676638      H
       -4.67575350754583        5.28620553258268        1.35247320793860      H
       -2.61721928204872        1.75288122936083        2.00566724743473      C
       -2.09097080750838        1.13144876170426        3.89526562656914      H
       -4.41236669283064        0.86431140754954        1.53875806293360      H
       -0.71957709469224        0.81791522968308        0.23890635763379      N
       -1.05203169850879        5.58272340365994       -0.11345046378204      N
$end
