$coord
        2.29935789925694        3.68914034801915       -0.43132828719110      Se
        0.34665948612271        3.31671066673499        2.44562723664526      C
        1.37245706170646        4.53611332940268        4.44608564299009      C
        3.67883963988645        5.81266622336681        3.92857148259774      C
        4.48799296542012        5.61243707929824        1.50952985793670      C
        0.50059544239862        4.53906697133546        6.28790626548833      H
        4.70423678250440        6.85686519606167        5.34636553067781      H
        6.16954308070012        6.41810707266640        0.70588300535757      H
       -1.37267475815602        2.24320393157339        2.35795112542215      H
$end
