$coord
        1.27711433159576        2.46917813744595        0.00000000000000      C
        3.03708581337616        0.61260291131189        0.00000000000000      C
       -1.31111352813948        1.69682949586062        0.00000000000000      C
       -1.79540271278136       -0.80947590178314        0.00000000000000      C
        1.41419657645663       -2.96240005747891        0.00000000000000      Te
        1.77486346850547        4.45351888070128        0.00000000000000      H
        5.04657711059667        0.94877214977161        0.00000000000000      H
       -2.82226193650192        3.07357925943177        0.00000000000000      H
       -3.60681253967393       -1.73105054625137        0.00000000000000      H
$end
