$coord
        1.69569188073360        0.23698488411028        0.00000000000000      N
        0.38126452886198        0.08215281970607       -2.13557117863861      C
        0.38126452886198        0.08215281970607        2.13557117863861      C
       -2.19909281053683       -0.19756349639718       -2.25072069517930      C
        1.46097655769899        0.20700494606101       -3.86576662381859      H
       -2.19909281053683       -0.19756349639718        2.25072069517930      C
        1.46097655769899        0.20700494606101        3.86576662381859      H
       -3.59619586933320       -0.32112834131602        0.00000000000000      C
       -3.10455565006655       -0.29689109198687       -4.06829084026552      H
       -3.10455565006655       -0.29689109198687        4.06829084026552      H
       -6.15044229595029       -0.53329488531382        0.00000000000000      N
       -7.51311851318095       -0.52823778923173       -2.35882380094650      C
       -9.51848434929880       -0.65636329917973       -1.97408897902926      H
       -7.17086889194265        1.19763396257513       -3.43316277149337      H
       -6.98491228237550       -2.12984039519309       -3.54094405690155      H
       -7.51311851318095       -0.52823778923173        2.35882380094650      C
       -9.51848434929880       -0.65636329917973        1.97408897902926      H
       -6.98491228237550       -2.12984039519309        3.54094405690155      H
       -7.17086889194265        1.19763396257513        3.43316277149337      H
$end
