$coord
        3.70379555206080       -6.34698722996631        1.36580522574780      H
        2.29937585165512       -2.81522761997564       -0.87684066970100      H
        1.90441175325270       -6.70671700682995        0.43520222574658      C
        0.85127059653614       -4.27102462733966       -0.75690031948917      C
        2.24216004686215       -8.13095313126885       -1.00812485686630      H
        0.16458758654994       -4.60731783183315       -2.66517618472150      H
        1.57665217399277       -5.81575724838886        5.64855239115631      H
        1.23151788582524       -2.00571600236874        3.42902805073270      H
       -0.02308130385873       -7.64608323378888        2.36079856474672      C
       -0.14414585214209       -5.74563253546599        4.52621777855110      C
        0.50244983064471       -9.50357327633987        3.06160085244564      H
       -0.50749502145222       -3.09940198897948        3.36936826314276      C
       -1.26627807507935       -3.27766344479457        0.71736800485256      N
       -2.60449840166823       -7.74410162711943        1.08050798148070      C
       -1.70540677376766       -6.21843709855810        5.78086912467611      H
       -3.40769644429276       -5.00854693925652        0.48682066175842      C
       -2.48406634471878       -8.86243020931306       -0.64245056853244      H
       -1.93136567285861       -2.02423153893777        4.38954617117712      H
       -4.18156140212049       -4.84094183803079       -1.40896335789972      H
       -3.98674859107031       -8.65539710633279        2.29922542945560      H
       -4.86198393842844       -4.38599140736409        1.80001080993625      H
$end
