$coord
       -5.38289242488582        4.65154762767034       -3.56863988298399      H
       -5.38289242488582        4.65154762767034        3.56863988298399      H
       -6.72329160569639        3.66226957636272        2.35934158590464      C
       -6.72329160569639        3.66226957636272       -2.35934158590464      C
       -0.37275263547886       -1.06130175001312        2.14525734783558      C
       -0.37275263547886       -1.06130175001312       -2.14525734783558      C
       -2.43464395943635        0.50868233637632        2.25376126451381      C
       -2.43464395943635        0.50868233637632       -2.25376126451381      C
       -3.54607050593242        1.36473205028163        0.00000000000000      C
        0.67177911798655       -1.85455756555080        0.00000000000000      N
       -5.57330179612042        2.92342332232294        0.00000000000000      N
        0.50636609906537       -1.72389434239005       -3.86467889746126      H
        0.50636609906537       -1.72389434239005        3.86467889746126      H
       -3.16271782970273        1.05579187555156        4.07044663982848      H
       -3.16271782970273        1.05579187555156       -4.07044663982848      H
       -8.28473148438596        4.92797525339892        1.97635305989917      H
       -8.28473148438596        4.92797525339892       -1.97635305989917      H
       -7.44861120013613        2.03513072333414       -3.39742805047680      H
       -7.44861120013613        2.03513072333414        3.39742805047680      H
$end
