$coord
        3.78332014067275        1.38935820524723        0.00000000000000      Te
        3.60212223943262       -1.36544579983889       -2.94678921893604      C
        3.60212223943262       -1.36544579983889        2.94678921893604      C
        3.66805875234549       -0.36788337817355       -4.73376980032519      H
        5.20645531067145       -2.62629828224185       -2.79684908855064      H
        1.84162900426921       -2.40026984122951       -2.79967158349037      H
        3.66805875234549       -0.36788337817355        4.73376980032519      H
        1.84162900426921       -2.40026984122951        2.79967158349037      H
        5.20645531067145       -2.62629828224185        2.79684908855064      H
$end
