$coord
        6.84802297855196        0.91356409542597       -4.05799372261246      N
        3.60702173235593        0.33249504395562       -2.82414674933862      Se
        5.01034387982843        1.34344012809030        0.24237683966166      C
        3.81976502076696        1.38202172151362        1.88663358781750      H
        7.45202839188728        1.94805554501865        0.11988120178412      C
        8.56056006693304        2.56949160315486        1.70811739692082      H
        8.63300800915351        1.72277808116824       -2.37726960662153      C
        7.33308071480872        0.64350446879214       -5.87170655873310      H
       10.82501718131220        2.16803705140482       -2.91439591165302      O
        0.54175877965339       -1.07089910208223        3.37688578263911      H
        0.65512061528018       -3.61236531091852        1.25784611711129      H
       -0.47077008394634       -1.99760888832151        1.84563957002350      C
       -0.60433422568100       -0.21667750922988       -0.26335242169972      N
       -0.28745134307655        3.10977753026671        1.81196370561970      H
       -1.50067252261800       -3.13872208737230       -2.69095110419826      H
       -1.67361836781713        2.17462463667524        0.61611137683486      C
       -2.22438150348172       -1.26833088456853       -2.24006320675427      C
       -1.94800149885149        3.36645751799301       -1.03496010167159      H
       -2.01505030456131       -0.10987510195426       -3.92610236644331      H
       -3.13866293894460       -2.79196301268282        2.69775544105518      C
       -3.28911915353463       -2.74245369999867        4.74702339450022      H
       -3.55172229882593       -4.71836702062863        2.10558046915044      H
       -4.17438611202531        1.72614462825925        2.03745489749481      C
       -4.99405481857942       -1.38485649967316       -1.35929398541280      C
       -5.02652522668833       -0.97468464131024        1.49442187551559      C
       -3.92227170261609        1.98281195482051        4.06315777719321      H
       -5.83098560636411       -3.19930689590024       -1.84055885236484      H
       -5.60356368130748        3.07249909197894        1.42980344657464      H
       -6.11967566491535        0.06726763599505       -2.28486029837408      H
       -6.91047993875156       -1.29686007987192        2.24500200598097      H
$end
