$coord
       -6.94494362997672        3.63396506949554       -0.38510936563514      C
       -4.45764849920141        2.94637631377781       -0.83023473223471      C
       -3.73371842038110        0.42651534372431       -0.72171550877487      C
       -5.48778488596729       -1.43743359374802       -0.16225528656694      C
       -7.96202767839984       -0.72864834700826        0.27527054642247      C
       -8.70145237760636        1.79182224869304        0.16638036972437      C
       -7.43533776383679        5.61057834468207       -0.48594855315191      H
       -4.93555588974784       -3.39110011357590       -0.06457458729485      H
       -9.34159748026676       -2.16556925805867        0.71230127116723      H
      -10.64449202257243        2.29623985115132        0.51541807617491      H
       -0.22833787530924        3.53928865681638       -1.78012484398164      N
       -2.45432545702428        4.77890137346905       -1.42194709918415      C
       -2.71503698646484        7.06277277816211       -1.56886914797591      O
        2.08193602690657        4.85383109300899       -2.37319989243954      C
        1.53914488987131        6.82475799331392       -2.60989281386357      H
        2.83291942492695        4.18509575689137       -4.17037630216147      H
        4.06321711459352        4.59799524594256       -0.35115722327192      C
        6.54152168435833        4.02985135424677       -0.97324769356508      C
        3.43418208976499        4.95668510651983        2.17062370852420      C
        8.37352234504999        3.83592255707769        0.88609541442371      C
        7.04081113703222        3.73072585009016       -2.93038639617433      H
        5.25579757156619        4.76095672316227        4.02990729014006      C
        1.50162947992750        5.38621985464605        2.66453632345570      H
        7.73377918713630        4.20146248588409        3.39258014707670      C
       10.29600290361587        3.38916333327077        0.37471700578540      H
        4.74518960426888        5.04783491230522        5.98289464239875      H
        9.15524686280263        4.04851561226181        4.84576630882694      H
       -0.24996711361381        0.02851256571350       -1.38769543523018      Se
       -0.45183408331458       -9.30255592750472       -2.33794667363953      C
        0.55858074366953      -10.18606014946635       -0.09665968024695      C
       -0.80557418425363      -10.55303381348350       -3.90611284349708      H
       -1.00428550029891       -6.75707461757145       -2.53764801720149      C
        1.01315474089220      -12.16028594466703        0.12880354368152      H
        0.97902288557453       -8.49459558607352        1.84868146216630      C
       -1.79163270916274       -5.98619183654099       -4.25704840189458      H
       -0.60998885316371       -5.12724706221276       -0.67360081397068      N
        0.36733573554263       -5.98260589224691        1.47087040779706      C
        1.76773353183728       -9.09947065137139        3.62627350622311      H
        0.67481326225224       -4.59211763077715        2.93463147694068      H
$end
