$coord
        3.72246982562430       -0.62454919295391        0.00000000000000      S
        3.46454677605323        3.18086430275962        0.00000000000000      Cl
        7.49680431857448       -1.19600275098435        0.00000000000000      Cl
       -2.44698368205751       -0.22815135934074        1.24883646986694      C
       -3.04692939675931       -1.85607123617663        2.32108389153909      H
       -1.84799719233657        1.40406651059299        2.31599996134602      H
       -2.44698368205751       -0.22815135934074       -1.24883646986694      C
       -1.84799719233657        1.40406651059299       -2.31599996134602      H
       -3.04692939675931       -1.85607123617663       -2.32108389153909      H
$end
