$coord
        0.17313576267466        0.73180966984214       -3.05614955949395      Se
       -1.88989449921814       -1.12188636956845       -4.20947360184420      O
       -0.66543379560529        3.38388419436903       -1.91753401146207      O
        3.09405765452644        0.23560065972399       -3.62579559448619      O
        1.12602109032912       -1.84580114160715        1.64856664652827      Se
        2.69444464088485        0.34035630463404        2.33676918529127      H
       -1.38260243435171       -1.01978125452080        3.76397633714330      N
       -3.14972841923993       -0.70418206287280        5.05964059832356      C
$end
