$coord
       -0.45397778863035       -1.73504788392278       -0.52081418912377      S
       -3.04199475493009       -6.98768696724428       -4.70944127722421      O
       -2.50727917351578       -4.05776487677877       -1.52397738107726      N
        1.49781109932010       -2.33389566774618       -3.07619293963473      C
        3.76651801878092       -1.15364491784621       -3.66178977489968      C
        4.51239915626482        0.30937934708142       -2.46547503013215      H
        0.54992957747102       -4.23784689474231       -4.60956698386667      C
       -1.83940933196323       -5.30163873686984       -3.72641141637503      C
        5.03269442659476       -1.92030359407031       -5.80723099308718      C
        6.79831429976166       -1.02105587479185       -6.28880029491789      H
       -4.68493190733311       -4.53321732411670       -0.07285404436465      C
        4.08810745327135       -3.82961124976668       -7.35705812679574      C
        5.12450525857855       -4.38802437472896       -9.01961195918061      H
        1.84156872200584       -4.99845088846313       -6.75754383656819      C
        1.05206098926373       -6.48895158227013       -7.90238414245457      H
       -4.63781385408705       -4.08258378380908        2.51498623254243      C
       -2.91693891609892       -3.44691941076277        3.40265975725281      H
       -6.89579903443461       -5.39986537801933       -1.19870864982220      C
       -6.93298695484102       -5.76331999404721       -3.19536095877942      H
       -9.01308616795446       -5.81127236137729        0.27288665691626      C
      -10.71749497735571       -6.48841867950299       -0.61716962346465      H
       -6.77701311791232       -4.48217676635376        3.95828742590740      C
       -6.71009451433249       -4.12535433313284        5.96414100033801      H
       -8.97551142061034       -5.35442124417445        2.84789909494420      C
      -10.64132484158757       -5.67711938098220        3.97612455079769      H
$end
