$coord
        0.07288673662661       -5.18320506529718        1.68644280518926      S
        1.52812797553738       -5.24617848764665       -1.18279715585289      C
        2.94138686989097       -7.37193896413668       -1.47613102738278      C
        2.84312205627377       -8.97140863622118        0.66510025894430      C
        1.35251856136559       -8.01651056127139        2.52860114235248      C
        4.01076795497729       -7.78246911457282       -3.15830853173615      H
        3.83117972245012      -10.74429129380282        0.81400727605737      H
        0.94516220595575       -8.83118850113038        4.34274918239963      H
        1.23294897541942       -3.70943241611793       -2.47227256397502      H
$end
