$coord
        0.81431076607298       -3.98415172942985        0.23695389260183      Te
        0.24456835504838        4.04768885708229       -0.34025671606727      O
       -0.85065700246348       -0.16559670030049       -0.14304962201719      N
        3.99297618351399       -1.64121787957484        0.11314829657471      C
        6.49021845466407       -2.43746872204744        0.21500415674653      C
        6.91026621072687       -4.42396847740014        0.37706045515254      H
        3.44681150740106        0.92422063898793       -0.09219822583933      C
        0.78727974564118        1.79353736412375       -0.19283200012636      C
        8.41068645490723       -0.67106404562099        0.11195795808881      C
       10.35034519086374       -1.30226205097176        0.19479882707686      H
       -3.45789097166971        0.14152801454165       -0.11244342873023      C
        7.87586070245985        1.89187738884071       -0.09520175654180      C
        9.39244566391021        3.25427165893357       -0.17559372944496      H
        5.39413308279290        2.67872060774710       -0.19621914523213      C
        4.88207720733891        4.64640228137822       -0.35643220477618      H
       -4.97614134875370       -1.76200237044653       -1.13087749749678      C
       -4.08020348478251       -3.36390034060117       -2.02035419887528      H
       -4.65510050175724        2.23256628527268        0.97328322041622      C
       -3.51672967325850        3.72800691214205        1.74140983589393      H
       -7.26059403320269        2.37802001686561        1.03139872381713      C
       -8.14028459887223        4.01148227145240        1.88320600257266      H
       -7.58045210061775       -1.60082781825027       -1.05422774923822      C
       -8.69843013861526       -3.10587845835378       -1.85988432555088      H
       -8.74998885928157        0.47327056955444        0.02658863554602      C
      -10.78426126900990        0.60625739995803        0.08226922683535      H
        3.75875445694314       -8.34951167388318        0.78249080169617      Br
$eht charge=-1 unpaired=0
$end
