$coord
        0.81743145979518       -2.90766206158055        0.01860983390265      S
        0.22903197171481        4.39162146840717       -0.04682930309422      O
       -0.68761710160960        0.11070242405161        0.00360918792541      N
        3.70895526027147       -1.36190879945144        0.00904271745153      C
        6.09631694926153       -2.46837065747290        0.01430333703725      C
        6.25786944668272       -4.49884963097867        0.02315972749290      H
        3.47992895773503        1.25749916339481       -0.00390379622824      C
        0.88314082762787        2.17415617356895       -0.01039576135676      C
        8.18222971582475       -0.90837320673425        0.00560889611049      C
       10.03884311442653       -1.75575682560466        0.00988723605663      H
       -3.32685188198276        0.17328240542193       -0.00828947261826      C
        7.95813314182961        1.71897538528766       -0.00998323414376      C
        9.63071537281262        2.88591263669445       -0.01758465748004      H
        5.59526041368851        2.80502442171097       -0.01613448165201      C
        5.32174712358932        4.82601583623547       -0.03086111734118      H
       -4.67163711712857       -1.96790428336860       -0.75694586188878      C
       -3.67031225074910       -3.63173878314812       -1.37067542791617      H
       -4.67269593067619        2.30872602754713        0.75787447330642      C
       -3.65647038483148        3.97037808262533        1.32461354260116      H
       -7.28401038550331        2.27581002201804        0.75607016280263      C
       -8.28803699332315        3.94854645465282        1.35442019276480      H
       -7.28117390659026       -1.97183755932439       -0.73368427815776      C
       -8.27224322929141       -3.65558259149814       -1.31904300793100      H
       -8.61369274048854        0.14846425428207        0.01703191258859      C
      -10.65273028361272        0.14215351388890        0.02759340292648      H
$end
