$coord
        0.46092555570013        0.00949473994054        0.00000000000000      O
       -1.05837891061617        0.00091632819783       -2.06182404970746      C
       -3.50200058092537       -0.02042264817400       -1.34769465748727      C
       -3.50200058092537       -0.02042264817400        1.34769465748727      C
       -1.05837891061617        0.00091632819783        2.06182404970746      C
        5.48043914257567        0.90997796215928        0.00000000000000      S
        8.54821429718828        0.73585217196793        0.00000000000000      F
       -0.11724900226514        0.01816574826336       -3.85495077634433      H
       -5.11195936683719       -0.03250083269951       -2.57996881170759      H
       -5.11195936683719       -0.03250083269951        2.57996881170759      H
       -0.11724900226514        0.01816574826336        3.85495077634433      H
        5.08959672582366       -1.58764187627050        0.00000000000000      H
$end
