$coord
        0.57687272563802        4.83131746287810        0.77139187324844      C
       -0.21096770174434        3.70241170561974       -3.01437338405696      Te
        0.36648025652602        7.56398616100348       -3.62256113925129      C
        0.19954203964966        8.37560217762275       -5.48608054197550      H
        0.96321305887073        8.93297727602477       -1.58918805018567      C
        1.32928418969077       10.93998811873411       -1.63801554968406      H
        1.14840130579561        7.64555146485741        0.84355749038589      C
        1.70140773534274        8.67197416184318        2.81125730538781      O
        2.17745242284812        3.78323226840796        1.50496598037313      H
       -1.05195289692940        4.44683737604246        1.95353423899915      H
$end
