$coord
        0.22569225873477        1.69855519375763       -3.66605753237952      C
       -0.10559222666542       -2.57653574625699       -3.53897949762239      C
        0.12361548957898       -2.77387455421796       -6.13579049341566      C
        0.41863575270248       -0.58457392651369       -7.52884708166139      C
        0.47137271760749        1.70235807861081       -6.26894059615642      C
        0.25927212505144        3.45218551055425       -2.61771949255391      H
       -0.33635821107218       -4.25331808252458       -2.39403317810042      H
        0.07161230532817       -4.60168531414611       -7.03365209858171      H
        0.60414279642458       -0.65964518654036       -9.55764249816273      H
        0.69792026638626        3.45956753668747       -7.27437297124036      H
       -0.05804426072600       -0.39143692459082       -2.31076712073434      N
$end
