$coord
        6.89795332221668        0.89663271626721       -4.07738193470584      N
        3.23075779676491        0.15142469922890       -3.01160247864043      Te
        4.79319941927315        1.39901810725106        0.33527861053718      C
        3.67497250434503        1.50743830906197        2.03027393822125      H
        7.22170025702359        2.02520852734420        0.17218787605055      C
        8.31317280742456        2.71106553804133        1.75094029165823      H
        8.51357032609084        1.77795808400715       -2.28549713607807      C
        7.61542412817042        0.66627699140210       -5.82063311973560      H
       10.72956787064807        2.29628671635921       -2.64974638194136      O
$end
