$coord
        0.56242954886755        4.95307799729315        0.60360365756123      C
       -0.02262663575314        3.94850563656853       -2.87437623664887      Se
        0.47601936517531        7.35834918768408       -3.72141724817289      C
        0.34641533350741        7.91144462333168       -5.67763981155692      H
        0.96840149091849        8.93754096461573       -1.81404939634344      C
        1.28760722487533       10.93729129058166       -2.03011954759687      H
        1.05016351526200        7.78619281990138        0.68372766729991      C
        1.44933735655223        8.87473553891875        2.65221946652065      O
        2.18003454462481        3.93558350035576        1.34276587380904      H
       -1.07771345448761        4.48568220831493        1.73802250181555      H
$end
