$coord
        6.04209541551302        3.88684047161514       -1.07168466123224      Se
        7.17284403368810        0.58022604464616       -0.97334047911780      C
        9.59323889122698        0.43281531267857       -0.15972456534084      C
       10.72976610291854        2.79292091485539        0.43639804443824      C
        9.20940225613678        4.82263625003420        0.09293994334325      C
       10.57999831555571       -1.34153849669110        0.01650184441064      H
       12.64677590435364        2.95630153332954        1.10810516385943      H
        9.67351143343906        6.77162815434760        0.42369908488079      H
        5.92617035537079       -0.91449176198055       -1.54501419024176      H
$end
