$coord
        6.70687631074226        0.79039609299330       -4.01795911877193      N
        3.81568415720084        0.38237058556272       -2.71299343663367      S
        5.03161671578589        1.36760178837447        0.11539366915599      C
        3.77968336274592        1.44233063002736        1.71037032840659      H
        7.49110093615777        1.96249909973435        0.03679391250942      C
        8.58777854819640        2.61752201617388        1.61577404011511      H
        8.61327794560419        1.64123054073988       -2.45630154363279      C
        7.03366910611683        0.42743167192214       -5.84956312595003      H
       10.77199467878976        2.01334747235041       -3.14251174414261      O
$end
