$coord
        1.92345716902708        2.74657594856691        1.98607059854980      N
        3.91960567699948        0.36266338769951        4.36873045996920      H
       -0.45106534272709        1.21689896452518        4.70418084661111      H
        5.76073465973612        1.89135469059464        2.07453453659427      H
       -1.87529712079590        3.42095797531751        2.67579984704889      H
        4.21739136533374        2.15367475491247        3.40603329633048      C
       -0.17587019637699        3.02502841583802        3.76346497725398      C
        3.80888000931653        4.90051998945215       -0.70543797485522      H
        0.55726341558806        5.49491293290936       -0.44851704704804      H
        2.26631452618705        5.13058129498704        0.63292143557642      C
        4.79678196206021        4.32016468753906        5.28555962419328      C
        0.41516678245551        5.15892813171941        5.66864131369670      C
        2.82864618724134        7.27295643253735        2.54425846815802      C
        4.84247648461659        3.63182552157725        7.22184992333266      H
        2.86675232557170        6.27077476433298        5.10548100773677      N
        0.45701042111515        4.44571223310786        7.59597355511493      H
        6.62132141709403        5.17965956114217        4.88827172957542      H
       -1.00399712809229        6.64340286686022        5.58573978450006      H
        4.64976731668834        8.14773597795422        2.16513197543344      H
        1.39947409816493        8.74722267818034        2.45020623201783      H
$end
