$coord
       -0.18246212801750       -1.40315528465570        1.08204357292957      C
        1.96840638359991       -1.37585346647024       -1.55506658836168      S
        1.04882067587784        1.65052307998509       -2.28729917891051      C
        1.91939539169482        2.55185970252170       -3.89812289246957      H
       -0.71350408184555        2.74817900323843       -0.81343960232953      C
       -1.45239776801105        4.62864187936859       -1.06558216865800      H
       -1.55266512440252        1.11038606329185        1.20962843223332      C
       -3.12326431664552        1.60559465239962        2.81635030626627      O
        0.88696090898879       -1.79385370427701        2.78730370394996      H
       -1.47066631737560       -2.98169189353994        0.85218031069254      H
$end
