$coord
        0.47703849447432        1.26669268099109       -3.34084398112729      Se
       -1.33238163978164       -0.74835686767976       -4.64617891575030      O
       -0.72528728012301        3.48496772347372       -1.70158990494115      O
        3.32990870296195        1.52414008649660       -4.27440572532183      O
        1.92368771561428       -1.68911147642245        0.67750631095243      S
        3.30072981981691        0.23202416406053        1.60434308678729      H
       -0.54696289642798       -1.41643627985953        2.63984686266493      C
       -2.39613360868794       -1.36378888797283        3.94210400034876      C
       -4.03059930784690       -1.29013133205998        5.09921807741455      H
$end
