$coord
        0.15520906476606        0.70611090632820       -2.93658923320579      Se
       -1.89238118982553       -1.21659830909875       -3.99622518964005      O
       -0.72664164683653        3.29700460270745       -1.69549969558673      O
        3.06301550142253        0.31387311580577       -3.61355791707576      O
        1.10224096574951       -1.74796151636799        1.68244716827136      S
        2.62847921516227        0.17875713097757        2.31620253998658      H
       -1.25628463641452       -0.94414194282107        3.51364053796258      N
       -3.07363765196902       -0.58704398753118        4.72958178928781      C
$end
