$coord
       -6.50800663564774        2.85528263285832        0.00000000000000      N
       -3.80385314885243        0.08033773776338        0.00000000000000      Te
       -1.61275917105590        3.30334765741735        0.00000000000000      C
        0.41511821649411        3.15080064984304        0.00000000000000      H
       -2.93331377091398        5.44191329607303        0.00000000000000      C
       -2.07777258230881        7.29163920986841        0.00000000000000      H
       -5.71580793290417        5.30323158702029        0.00000000000000      C
       -8.38594540459325        2.57479001726307        0.00000000000000      H
       -7.11880863796287        7.13085337433597        0.00000000000000      O
        4.24224561024259       -3.77684839561377        2.24996461575684      C
        1.90414964823922       -2.61901017549702        2.15959148740866      C
        5.43123785524983       -4.36677686110156        0.00000000000000      C
        1.90414964823922       -2.61901017549702       -2.15959148740866      C
        4.24224561024259       -3.77684839561377       -2.24996461575684      C
        0.76019600185051       -2.05143546930997        0.00000000000000      N
        0.89962793217473       -2.12137272140128       -3.86534067955010      H
        5.10096588510721       -4.20202052200869        4.04642444133231      H
        0.89962793217473       -2.12137272140128        3.86534067955010      H
        7.25658535717453       -5.27373598577676        0.00000000000000      H
        5.10096588510721       -4.20202052200869       -4.04642444133231      H
$end
