$coord
        1.21259813683816        2.52309032302786        0.00000000000000      C
        2.92279196482471        0.59850479853178        0.00000000000000      C
       -1.30740777520910        1.62453443248363        0.00000000000000      C
       -1.44694704197720       -0.94471793134385        0.00000000000000      C
        1.47378814493347       -2.28369282557429        0.00000000000000      S
        1.72837752864810        4.49459907000657        0.00000000000000      H
        4.94929023024896        0.74049163857648        0.00000000000000      H
       -2.94991369211048        2.82879131820771        0.00000000000000      H
       -3.04934730133576       -2.20189810896883        0.00000000000000      H
$end
