$coord
        0.51297919563848        4.99267361775494        0.43799372917786      C
       -0.12538767473865        4.12574909692028       -2.78709904661066      S
        0.68695380773986        7.11226149283151       -3.81281441910799      C
        0.58485927515850        7.49007935021480       -5.81198289840015      H
        1.38933874106815        8.78432726166466       -2.04717848326904      C
        1.93549510238614       10.70798682035968       -2.41680173228553      H
        1.34165981710830        7.75179073374789        0.49568612289946      C
        1.86727863490391        8.82861450517603        2.43876639697721      O
        1.99981079720192        3.80013473475701        1.19340947982354      H
       -1.16626980013957        4.71896285127573        1.57982256751205      H
       -0.75326448642540       -1.04431500187891        0.33501178120839      N
       -4.00325988411157       -1.55316949230518        2.45625921376760      H
       -3.80685157729437       -1.73440972341050       -2.03244674531934      H
       -0.84542283904351       -1.66368256579910       -3.52637030005586      H
       -1.27294899727187       -0.88476504723198        4.22333379810522      H
        2.69965026944034       -0.74382795004950        2.15743360914696      H
        2.86513264131029       -0.80815271555068       -1.16236241343170      H
       -1.84355633594371       -2.31974124112755       -1.85190514596229      C
       -1.99294674499946       -1.95489219619230        2.62052686968464      C
        1.93283587978357       -1.64307491343751        0.47224047984391      C
       -1.49708638935130       -4.82177434594876        2.93722739371807      C
       -1.60685509972474       -5.21635161741347       -1.52728931508327      C
        2.29871293573061       -4.54349138711103        0.56558614738611      C
       -0.15081261693713       -5.78725847767607        0.73861797512392      N
       -3.25531365391868       -5.86948480772839        3.13661277507200      H
       -3.45262770646741       -6.10317004105246       -1.33756667032237      H
       -0.66671370710950       -6.07843428197163       -3.14042680930932      H
        3.43248152522545       -5.10450968850871        2.18685437723595      H
        3.24570912089030       -5.23371612180000       -1.12423775578532      H
       -0.35358041908152       -5.20435884850879        4.60309864031471      H
$end
