$coord
       -3.40771704230752       -1.75130519777289       -3.37679091838766      C
       -0.41252418944284       -2.80269703501589       -0.48963824341023      C
       -0.50841475115707       -5.32802158124089       -1.16051558409011      C
       -2.15884806915124       -6.05294168757789       -3.05000681575326      C
       -3.64180535421398       -4.22682506712046       -4.18495383845941      C
       -4.53828519163770       -0.27566927863477       -4.22377712785406      H
        0.86385239307387       -2.16222274206458        0.97282760744758      H
        0.68750390701474       -6.68365006488977       -0.22131640892060      H
       -2.28644332194867       -8.00377210643793       -3.62839736941457      H
       -4.95533319645028       -4.70148515229434       -5.66809159236705      H
       -1.82899297259171       -1.03572109438197       -1.56593156871519      N
        2.29935789925694        3.68914034801915       -0.43132828719110      Se
        0.34665948612271        3.31671066673499        2.44562723664526      C
        1.37245706170646        4.53611332940268        4.44608564299009      C
        3.67883963988645        5.81266622336681        3.92857148259774      C
        4.48799296542012        5.61243707929824        1.50952985793670      C
        0.50059544239862        4.53906697133546        6.28790626548833      H
        4.70423678250440        6.85686519606167        5.34636553067781      H
        6.16954308070012        6.41810707266640        0.70588300535757      H
       -1.37267475815602        2.24320393157339        2.35795112542215      H
$end
