$coord
       -5.96897983305272        6.76568761130225        0.66356542338588      C
       -3.96250057030224        5.41720852850064       -0.34264910934104      C
       -3.69727731973915        2.85772245825781        0.16532250103981      C
       -5.43312134527823        1.61431120312205        1.67992117136058      C
       -7.42608490884020        2.97547488356255        2.67366766906248      C
       -7.70249344833492        5.54246278857490        2.17588130454812      C
       -6.11969134964218        8.75136911524299        0.22552993126066      H
       -5.23783553577906       -0.37131757745982        2.06604456403419      H
       -8.79159873881958        2.02361038596061        3.85191134084549      H
       -9.27485103073688        6.56634928412882        2.96992249026319      H
       -0.31060388961018        4.74686824798538       -2.65478760432401      N
       -2.02850515456860        6.54398872181402       -1.99195067035917      C
       -1.95084685947733        8.74215594449501       -2.67442185875882      O
        1.74767295518876        5.26931421561776       -4.35934967051397      C
        1.75827186210392        7.31307116076556       -4.60138654844580      H
        1.38177737992570        4.43026239923080       -6.20636949649889      H
        4.24896188586210        4.34438663008661       -3.37943785777041      C
        5.90287456759692        3.06115941242293       -4.95250597719523      C
        4.94443949225968        4.77403249410897       -0.88551980384615      C
        8.22207855958723        2.23502311820730       -4.06441765760049      C
        5.36610107443290        2.69992125616661       -6.88886222777636      H
        7.25431787479760        3.94879438672037        0.00792173191441      C
        3.64865353271699        5.74582604342115        0.35498354072905      H
        8.90275507508633        2.67687491224119       -1.58062948056726      C
        9.48992000508948        1.23813154931619       -5.31160250683452      H
        7.77254805241856        4.29651476508944        1.94894976342082      H
       10.70523972549232        2.03058838864839       -0.88142249966275      H
       -0.81311608121699        1.47234099266724       -1.40077385179345      Se
$end
