$coord
        2.32972901061400       -4.29340540972399       -0.51479673422514      N
       -0.50620471645433       -6.01725043026218       -2.58778944327433      H
        2.79245207380387       -3.45350397247140       -4.33090985925627      H
        5.47534179532712       -2.97362314093303       -2.45524102933165      H
       -0.96868986312511       -6.08766521614518        0.69104052945696      H
        2.62688182966913       -5.19428868696331        3.27319556531813      H
        5.01074204512288       -3.19138232939665        2.17311380063861      H
        3.90488093103644       -4.24933661855262       -2.79886731605174      C
        0.44194420164138       -6.31402832765419       -0.78862693139543      C
        3.90339050404195       -4.85296616536175        1.70008587191857      C
        1.69864779033773       -8.92775993116731       -0.66407470457647      C
        4.87266977274533       -6.91704522525372       -3.43028093915333      C
        5.60251998556885       -7.15436685855940        1.18628559027894      C
        4.52483204238392       -8.56077530673863       -1.08797542323475      C
        0.89856458328441      -10.17210452203603       -2.08983640491577      H
        3.82607198170788       -7.72172538007780       -5.00784717367258      H
        6.84964795404652       -6.84468969064074       -3.98682871545799      H
        5.67009848151140       -8.37604097202889        2.83727845617861      H
        7.53293512618678       -6.56239181967864        0.78962659651535      H
        1.37180453927563       -9.80921587898246        1.16557041250085      H
        5.46297183708796      -10.37091977301816       -1.32922598612613      H
$end
