$coord
        0.55400420494093        5.19432969402021        0.37664641615864      C
       -0.06521161397146        4.30340281681368       -2.84547174173712      S
        0.80547969794740        7.26591247840782       -3.89216401908081      C
        0.72947944855787        7.62665854998129       -5.89574311914783      H
        1.51949306098354        8.94447947202750       -2.13674828904164      C
        2.10206860212044       10.85458667084720       -2.52112708655700      H
        1.43157582070692        7.93818424799506        0.41509950820548      C
        1.95997650433059        9.02473557362229        2.35253290267763      O
        2.00927530152447        3.98208493596736        1.16139317290238      H
       -1.14281773201520        4.96332579309436        1.50193958398455      H
       -0.76481997270485       -0.79747009376820        0.27908760422159      N
       -4.09895259150055       -1.33792363958731        2.23418275699968      H
       -3.69516441695921       -1.37444297489082       -2.26731003390950      H
       -0.64883840975149       -1.55477462567543       -3.54527228561738      H
       -1.52154246896569       -0.45486388121019        4.11634204027192      H
        2.58590708708160       -0.58097947845205        2.27249922184771      H
        2.92042791744281       -0.48009909490576       -1.02602188607474      H
       -1.79799768469569       -2.08915818220965       -1.92550468728310      C
       -2.08917141029252       -1.64747532969130        2.53985578423288      C
        1.91211673358062       -1.40563630608471        0.51133607877312      C
       -1.53558861427738       -4.45701940937453        3.09474948326067      C
       -1.80543867028400       -4.98016722128959       -1.55040652373837      C
        2.35150167913143       -4.28741289921020        0.48584650794118      C
       -0.21597906645422       -5.56674180085141        0.78285419602994      C
       -3.27377174281352       -5.48201706388973        3.49121874852135      H
       -3.72096635951955       -5.68261111407296       -1.28011011442112      H
       -1.03842926089116       -5.93555643605917       -3.20218664954155      H
        3.61737988816281       -4.84866363692121        2.00611586841671      H
        3.22425260355352       -4.88268494326059       -1.28021348244014      H
       -0.32560434661480       -4.65576020514735        4.74759050131021      H
        0.01735637856419       -7.59624189622462        0.99899010975250      H
$end
