$coord
       -0.49859006503517       -5.01889526848756        1.47666260734163      Te
        2.23178299379402       -4.93318466140666       -1.25410389246671      C
        3.12779739167326       -7.28455500457243       -1.64530346745627      C
        2.01079728694524       -9.23651812527157       -0.12097667601856      C
        0.26664413563619       -8.74485182778440        1.50625326180923      N
        4.58756868204997       -7.70627668003641       -3.00750215089523      H
        2.63562426963946      -11.18263972457428       -0.32701861764647      H
        2.84723428929356       -3.25809438591106       -2.22592805534211      H
$end
