$coord
       -2.28770717078082       -9.34290951711509       -1.61392399823911      H
       -1.95478221413185       -5.12217617112995       -2.96740027280466      H
       -2.63929714133527       -8.02439657736204       -0.07709799129533      C
       -2.65573870348253       -5.26711325160042       -1.04146472796514      C
       -4.44471653641280       -8.52421420848776        0.76904445545643      H
       -4.54577342037912       -4.46637601033536       -1.01451609959238      H
        2.09036231569625       -8.55971649319101       -0.91601166870258      H
        2.21576888769615       -4.18992268433149       -1.65765358357112      H
       -0.68517652031965       -8.34713156382922        1.83270609545398      N
        1.71638891714089       -7.49255999369859        0.80029485637928      C
        1.60252724895414       -4.62912999562658        0.25619035968741      C
       -1.00228012293546       -3.72704957688732        0.55977146010066      N
       -1.30590960033750       -6.80620447324978        4.02547153600774      C
        3.20959229725133       -7.93005861463180        2.14267050174359      H
       -1.72780928800242       -4.03087634169677        3.21548862070537      C
       -2.98776944172933       -7.57671271056235        4.92071662638164      H
        2.78556912434017       -3.55403116620499        1.54941158293376      H
       -3.69932086957031       -3.49315118245639        3.40830191254309      H
        0.24023521304462       -6.96087609990600        5.37085638125289      H
       -0.61412773132185       -2.71764915488690        4.33634282186455      H
$end
