$coord
        0.65633684301398        1.81578265314494        0.00000000000000      C
        1.21115457505156       -0.70457569282456        0.00000000000000      C
       -1.98262354912588        2.17364783724143        0.00000000000000      C
       -3.36531121012581        0.11781762085604        0.00000000000000      N
       -1.49901202027229       -2.38134744662585        0.00000000000000      S
        2.03672092786800        3.31123253967232        0.00000000000000      H
        2.97962680083095       -1.70817201000582        0.00000000000000      H
       -2.91227544996858        3.99431694419941        0.00000000000000      H
$end
