$coord
        6.31862659823323        3.87286840356753        0.03101286234898      Se
        9.33439365530710        5.41704242157429       -0.40900646426186      N
       10.54008786672157        4.31262619208273       -2.24022156580352      C
        9.38887597126080        2.23636539067362       -3.50035273974470      C
        7.07601068761030        1.67745829130236       -2.55943296893873      C
       12.39364293256326        5.01830680777235       -2.74428900201090      H
       10.27020946482308        1.23186011522641       -5.03695519208794      H
        5.79077563593921        0.21735100762069       -3.13522855068571      H
$end
