$coord
        0.00000000000000        0.00000000000000        2.14050846608441      Se
       -1.49715895483449       -2.59315532060519        2.46245449189456      O
       -1.49715895483449        2.59315532060519        2.46245449189456      O
        2.99431790966898        0.00000000000000        2.46245449189456      O
        0.90561590734582       -1.56857264994696       -2.53469116273430      H
        0.00000000000000        0.00000000000000       -1.92379807561996      N
       -1.81123162571902        0.00000000000000       -2.53469116273430      H
        0.90561590734582        1.56857264994696       -2.53469116273430      H
$end
