$coord
        2.30020411861554        1.60259055477931       -4.33218636925345      Te
       -0.12629776684027        1.29879856093056       -6.63435542509337      O
        2.67053677081921        4.50457663497195       -2.67869604130748      O
        4.85834432591242       -0.60040491815008       -4.32319902077737      O
        0.56923048421744       -1.60899691531439       -0.38428053175688      Se
        2.71873177898369       -0.57086396347956        1.06678327858281      H
       -1.87389399914837        0.04445127173900        1.19715246035857      O
       -2.61572942197207       -0.99775252811348        3.57184807102575      C
       -4.21852142155627        0.12542131186367        4.17857261128179      H
       -1.10090625218769       -0.83314509943923        4.95301903783806      H
       -3.18169842787103       -2.96467453184251        3.38534192910156      H
$end
