$coord
        4.21917035350746       -3.92977826170092        2.24826707477909      C
        2.08013020462188       -2.43291145852530        2.15318021358566      C
        5.30869289552044       -4.69179331391900        0.00000000000000      C
        2.08013020462188       -2.43291145852530       -2.15318021358566      C
        4.21917035350746       -3.92977826170092       -2.24826707477909      C
        1.02929848220222       -1.69232665645088        0.00000000000000      N
        1.16523120666148       -1.79982316013207       -3.86557424969911      H
        5.00284374581242       -4.48083562772312        4.04523920510695      H
        1.16523120666148       -1.79982316013207        3.86557424969911      H
        6.97781277029791       -5.86185277082888        0.00000000000000      H
        5.00284374581242       -4.48083562772312       -4.04523920510695      H
$end
