$coord
        2.40820763581598        0.01469791185207        0.00000000000000      O
       -3.20051802137351       -0.74193690111659        0.00000000000000      Se
        3.32026221801360       -1.15249369669109       -2.20518661037089      C
        3.32026221801360       -1.15249369669109        2.20518661037089      C
        2.53019229174941       -0.15277150703792       -3.80989554813590      H
        5.37983957233150       -1.06062428319744       -2.29318019558294      H
        2.74033248242378       -3.13173293530039       -2.29312709427884      H
        2.53019229174941       -0.15277150703792        3.80989554813590      H
        2.74033248242378       -3.13173293530039        2.29312709427884      H
        5.37983957233150       -1.06062428319744        2.29318019558294      H
       -6.67234440040401       -0.87337321123493        0.00000000000000      C
       -2.96852730546538        2.93737006804048        0.00000000000000      C
       -0.95812440436236        3.31801665645971        0.00000000000000      H
       -3.85316101673170        3.67685448259254        1.68683983664804      H
       -3.85316101673170        3.67685448259254       -1.68683983664804      H
       -8.84362459978390       -1.01323902267736        0.00000000000000      N
$end
