$coord
       -2.37053594552167       -0.32011544811323        0.00000000000000      Se
       -2.80809503769087        3.32106572956179        0.00000000000000      C
       -5.94460482268908       -1.17360307133878        0.00000000000000      C
       -0.92457099421143        4.12334026302922        0.00000000000000      H
       -3.81774490353974        3.90916871961320       -1.68265371533678      H
       -3.81774490353974        3.90916871961320        1.68265371533678      H
       -6.08088809134445       -3.21757450040172        0.00000000000000      H
       -6.85011717304326       -0.43180638790063        1.68130785239083      H
       -6.85011717304326       -0.43180638790063       -1.68130785239083      H
$end
