$coord
       -2.31865181401670       -0.56273058223920        0.00000000000000      Te
       -2.71949579525588        3.45234972775448        0.00000000000000      C
       -6.31959338211858       -1.20216533684935        0.00000000000000      C
       -0.82493480634560        4.22689990027500        0.00000000000000      H
       -3.72240198445643        4.04398178134362       -1.68311745412776      H
       -3.72240198445643        4.04398178134362        1.68311745412776      H
       -6.62715708033947       -3.22758154509465        0.00000000000000      H
       -7.15171916328620       -0.38412708599556        1.68191313166854      H
       -7.15171916328620       -0.38412708599556       -1.68191313166854      H
$end
