$coord
        0.23394393683054        0.18835637277281        0.00000000000000      O
       -1.28291692463402        0.08069357319264       -2.06457038868437      C
       -3.71846114959614       -0.09346396439760       -1.34796318756958      C
       -3.71846114959614       -0.09346396439760        1.34796318756958      C
       -1.28291692463402        0.08069357319264        2.06457038868437      C
        5.59834387980605        1.15271082622281        0.00000000000000      Te
       10.32333571330977        0.74991456892429        0.00000000000000      Br
       -0.34316935094315        0.14759403540168       -3.85743727797910      H
       -5.32494964245271       -0.20866884991374       -2.57934633592214      H
       -5.32494964245271       -0.20866884991374        2.57934633592214      H
       -0.34316935094315        0.14759403540168        3.85743727797910      H
        5.18337060530570       -1.94329097854064        0.00000000000000      H
$end
