$coord
        5.93660939145581        4.09642602767193       -0.65404233755347      Te
        6.99304207313623        0.38469532664123       -0.84990432454804      C
        9.52826651658289        0.11580751917728       -0.94039707255990      C
       11.02723734082567        2.36058049035194       -0.88734112188506      C
        9.79145377621932        4.59212065433895       -0.75303526264649      C
       10.40031805336626       -1.72733855722478       -1.05042788794683      H
       13.06579508248680        2.25873899209867       -0.95275172401745      H
       10.69398735128327        6.41381985100747       -0.69865461395828      H
        5.60921811981757       -1.10039356949008       -0.87929240037508      H
$end
