$coord
       -2.50342828961903       -0.78036297007985        0.00000000000000      Se
       -2.28582311383457        2.88086895766784        0.00000000000000      C
       -6.16983731105772       -0.99410101032288        0.00000000000000      C
       -0.28908387747561        3.33265844344588        0.00000000000000      H
       -3.17620291532802        3.63991052582882       -1.68177178015442      H
       -3.17620291532802        3.63991052582882        1.68177178015442      H
       -6.66306943561176       -2.98244154789358        0.00000000000000      H
       -6.93220177363624       -0.10524035966101        1.68113891087529      H
       -6.93220177363624       -0.10524035966101       -1.68113891087529      H
$end
