$coord
        5.09813167386551      -10.22453024904831        2.75512771517127      H
        3.54790013876628      -10.37096059110245       -3.98794516565242      H
        2.39973637154453      -11.33491309980575       -2.57508273583977      C
        3.45786905084666      -11.23527332146027        2.02595062279334      C
       -0.25472071968029       -3.90936638496584       -1.90832688783769      C
        0.70782148641621       -3.81890141592801        2.28033024690814      C
        0.58758274844931       -6.34794815570067       -2.15820877480328      C
        1.59762208685246       -6.25319067377077        2.23788113999817      C
        1.56579191795458       -7.61860793874518       -0.04048605941171      C
       -0.20567212222531       -2.63343029760878        0.25879534715019      N
        2.43097845767243      -10.01689092192726       -0.18751279903077      N
        0.73213092328332       -2.73949495580535        4.01265465754012      H
       -1.00010315843990       -2.90246304706649       -3.51984054040485      H
        0.48879277994207       -7.24292698366362       -3.98002910291638      H
        2.31226019334540       -7.07161405080876        3.95523419540785      H
        3.15744908429468      -13.21613092152270       -2.31006962282174      H
        4.04236455372617      -13.13258556263539        1.53412067502378      H
        2.05899909812377      -11.36504705053417        3.53136749181981      H
        0.48527996804902      -11.51251560812117       -3.31206647581112      H
$end
