$coord
        6.48211190753468        0.80220329079254       -4.01604369237201      N
        3.61592895644432        0.33730912125809       -2.68338388490483      S
        4.83373517848194        1.35431701371839        0.13268390730581      C
        3.59470638720178        1.40178976855804        1.73866330794441      H
        7.27856684042873        2.00250063336770        0.02980816194454      C
        8.37580154372890        2.68352315772022        1.59730385697307      H
        8.38407098525023        1.70073688256850       -2.47327222909495      C
        6.79791197706972        0.44296446477607       -5.85034320489427      H
       10.52578396276648        2.12005596023764       -3.18229444749073      O
$end
