$coord
        6.63739920696230        0.83619058206167       -4.04133521990609      N
        3.41257666200959        0.25790264052892       -2.78099031794021      Se
        4.80766829631892        1.37989748037693        0.25063248618228      C
        3.62014342364745        1.45466260477141        1.89578024020589      H
        7.24086774910562        2.01147550965136        0.10078665313051      C
        8.34670637545118        2.69584209335400        1.66475630818311      H
        8.41605611169034        1.72668320020476       -2.39306998469470      C
        7.11519415880431        0.52736889315963       -5.85072228395487      H
       10.59733163946118        2.18930176153994       -2.95491258462794      O
$end
