$coord
        3.78332014067275        1.38935820524723        0.00000000000000      Te
       -2.89563433274256       -0.17649342805289        0.00000000000000      Se
        3.60212223943262       -1.36544579983889       -2.94678921893604      C
        3.60212223943262       -1.36544579983889        2.94678921893604      C
        3.66805875234549       -0.36788337817355       -4.73376980032519      H
        5.20645531067145       -2.62629828224185       -2.79684908855064      H
        1.84162900426921       -2.40026984122951       -2.79967158349037      H
        3.66805875234549       -0.36788337817355        4.73376980032519      H
        1.84162900426921       -2.40026984122951        2.79967158349037      H
        5.20645531067145       -2.62629828224185        2.79684908855064      H
       -6.20866778141165       -1.24878185678194        0.00000000000000      C
       -3.69515874778084        3.42203228461936        0.00000000000000      C
       -1.87062231630881        4.34985757619000        0.00000000000000      H
       -4.74749355836002        3.88613711555155        1.68872068105988      H
       -4.74749355836002        3.88613711555155       -1.68872068105988      H
       -8.25478045914640       -1.98845259832989        0.00000000000000      N
$end
