$coord
        3.33681924242707        2.82120198911862        0.79423299291672      Se
        6.37911975504413        4.30635154545854        0.35411464465695      N
        7.54427953005810        3.20306423835383       -1.50426621478919      C
        6.33792542628091        1.17204858262866       -2.78585768551940      C
        4.02077424377977        0.64964456691625       -1.83491121686880      C
        9.40744158557214        3.88090729850167       -2.00883575122788      H
        7.18416802851728        0.16685185639246       -4.34126461355613      H
        2.69969052060679       -0.77251172494989       -2.42531457053172      H
$end
