$coord
       -1.82838523667004       -1.98939387091256        0.00000000000000      N
        1.39218051121435       -2.34224466673736        0.00000000000000      S
        1.62683630787603        0.87402686750144        0.00000000000000      C
        3.51461223513586        1.62578845473993        0.00000000000000      H
       -0.60010993190203        2.09821734027846        0.00000000000000      C
       -0.80903313895214        4.11899918417574        0.00000000000000      H
       -2.76944598104491        0.42426959319781        0.00000000000000      C
       -2.98539537879897       -3.48887057483890        0.00000000000000      H
       -5.02880896070993        0.93962266279404        0.00000000000000      O
$end
