$coord
        0.45066245311732        1.28319150183993       -3.38687109548161      Te
       -1.56331146344340       -0.97094392844656       -4.84867289657922      O
       -0.89565402710727        3.75065887022526       -1.54654600223838      O
        3.65459653240631        1.55843899360368       -4.37243224447472      O
        1.96860820635002       -1.73078050438817        0.75362769178656      S
        3.34221724510205        0.20598033655624        1.65940989503134      H
       -0.52257522489930       -1.44010566648824        2.68894232532779      C
       -2.39129647672675       -1.37244988074719        3.96029733861354      C
       -4.04324743377160       -1.28399010010019        5.09224479904209      H
$end
