$coord
        3.44600232667449        2.63749131905059        0.59551676358353      S
        6.11980813471668        4.19022447359359        0.48790989989665      N
        7.51244614862581        3.29114588480328       -1.35218710340333      C
        6.46008696057961        1.28852185231964       -2.76162516050555      C
        4.11978606613404        0.70433324096277       -1.85711814444966      C
        9.34989999199528        4.11263912193072       -1.68419138548439      H
        7.37244654457375        0.35811821842457       -4.32237585607748      H
        2.80480596937097       -0.70946630403508       -2.47879552061199      H
$end
