$coord
       -6.35421165294073        2.73365324543631        0.00000000000000      N
       -3.63290984642755        0.54531411038425        0.00000000000000      Se
       -1.71843246697206        3.50100639601121        0.00000000000000      C
        0.30372377473566        3.32581990254611        0.00000000000000      H
       -3.09280760069501        5.61219519435429        0.00000000000000      C
       -2.30976065260036        7.48928264168066        0.00000000000000      H
       -5.84042346554830        5.27011640435766        0.00000000000000      C
       -8.15669252389447        2.14412067757162        0.00000000000000      H
       -7.44819243682691        6.91290540223251        0.00000000000000      O
$end
