$coord
        0.23394393683054        0.18835637277281        0.00000000000000      O
       -1.28291692463402        0.08069357319264       -2.06457038868437      C
       -3.71846114959614       -0.09346396439760       -1.34796318756958      C
       -3.71846114959614       -0.09346396439760        1.34796318756958      C
       -1.28291692463402        0.08069357319264        2.06457038868437      C
       -0.34316935094315        0.14759403540168       -3.85743727797910      H
       -5.32494964245271       -0.20866884991374       -2.57934633592214      H
       -5.32494964245271       -0.20866884991374        2.57934633592214      H
       -0.34316935094315        0.14759403540168        3.85743727797910      H
$end
