$coord
       -0.79377567919457       -0.81769545453479       -0.07593505383824      Te
       -2.08688937702443       -6.12270980918104       -5.72858663890408      O
       -2.56959345939297       -3.65744378275827       -2.19042199118662      N
        1.94085984588132       -1.45832546091876       -2.84035474133688      C
        4.28260732567529       -0.31504021066034       -3.09660538328766      C
        4.90210301302674        1.10204159964336       -1.77884115302519      H
        1.18671814858887       -3.29562926003395       -4.55654240264550      C
       -1.31266007999987       -4.52073738381709       -4.26773102367706      C
        5.84559318930742       -1.00808422775462       -5.07146593749360      C
        7.66718486055945       -0.11215770214019       -5.26736439620238      H
       -5.01496218150439       -4.44620034936585       -1.53187303477115      C
        5.09653976857813       -2.84133002898979       -6.79262735796222      C
        6.33298681602683       -3.36928454827544       -8.32386846831730      H
        2.76959942680623       -3.98293531272344       -6.52947978257441      C
        2.11208188290958       -5.42009414029294       -7.81767376741144      H
       -5.66539079578974       -4.60010418029764        1.01075478871394      C
       -4.24545039677733       -4.23208606465140        2.43014678920498      H
       -6.83472781040219       -5.00536596327095       -3.34856124467501      C
       -6.34236930623557       -4.91559357885779       -5.31677204162103      H
       -9.24041927588324       -5.69727482188218       -2.60867431845841      C
      -10.63035176889974       -6.12824481700005       -4.03707369852246      H
       -8.08316819367341       -5.27804399442306        1.73100122439952      C
       -8.54596023186683       -5.39087217139226        3.71341784851476      H
       -9.88601264793353       -5.83481967169835       -0.07616862398724      C
      -11.77050158557219       -6.37555913308012        0.47971056721454      H
$end
