$coord
       -2.63418883367520       -1.61621170068558       -3.76758911554835      C
        0.00692244473971       -3.04604708363173       -0.69478558869074      C
       -0.86902476244957       -5.49604223324143       -0.94250222746273      C
       -2.72699063803873       -5.98057349179988       -2.71317579520470      C
       -3.63100065612385       -4.00102849550361       -4.15759778513418      C
       -3.29562529160908       -0.02171786645981       -4.85935022712855      H
        1.45898516430887       -2.58410598911222        0.66827877828591      H
       -0.10667938610491       -6.97985083992332        0.22644663740372      H
       -3.45752568760982       -7.86724298441374       -2.96326082772868      H
       -5.07991225738020       -4.28908700758401       -5.56007333530285      H
       -0.85141270394072       -1.13570782644393       -2.07331188379164      N
        2.52179302604331        3.60353556560123       -0.77524219022735      Te
        0.50446465663878        2.86102607746888        2.43826354085545      C
        1.28895630035570        4.28821508795011        4.40286326014993      C
        3.31528241173000        6.01515396809953        3.96492811248193      C
        4.29440129539166        6.10222782360673        1.60734000344832      C
        0.41551146850064        4.13746369813941        6.24219605820512      H
        4.02705437060972        7.19804145286118        5.46912459637712      H
        5.82355633707778        7.30927129947418        1.02567512133088      H
       -1.00456744743670        1.50268035662541        2.46177324562663      H
$end
