$coord
        3.41689619798525        0.97464892548649        0.00000000000000      S
       -2.97605710818155       -0.22317230894759        0.00000000000000      S
        3.43764860336800       -1.22680075147297       -2.58338732626703      C
        3.43764860336800       -1.22680075147297        2.58338732626703      C
        3.40673230602398       -0.13705370999638       -4.31936363263484      H
        5.13887057863269       -2.37342533676621       -2.54614365893995      H
        1.77760753981103       -2.43335951258945       -2.52573839624629      H
        3.40673230602398       -0.13705370999638        4.31936363263484      H
        1.77760753981103       -2.43335951258945        2.52573839624629      H
        5.13887057863269       -2.37342533676621        2.54614365893995      H
       -6.01936786838482       -1.14594541772406        0.00000000000000      C
       -3.43840959607838        3.16512912023774        0.00000000000000      C
       -1.54199818734687        3.93984804530119        0.00000000000000      H
       -4.44242184197967        3.74319105052599        1.68594505132803      H
       -4.44242184197967        3.74319105052599       -1.68594505132803      H
       -8.07793799867830       -1.85561184375573        0.00000000000000      N
$end
