$coord
        2.61453700478743       -3.91920146458142       -0.51003424644587      N
       -0.84098935258253       -4.81295442720732       -2.10801273564543      H
        2.79475583892240       -3.57354013179774       -4.39793750003349      H
        5.65115000868722       -3.02857108540385       -2.81883076077745      H
       -0.71101077719673       -5.10604414612190        1.17461124022626      H
        3.13205910202950       -4.35477539945671        3.33682888003031      H
        5.83738932128261       -3.43765578432727        1.66676206349179      H
        3.99533758527932       -4.24810376122891       -2.87260783094145      C
        0.33352721236488       -5.47320168049098       -0.55646614013608      C
        4.19989949340642       -4.68164208312276        1.61172700264663      C
        0.97816230429738       -8.30186468629484       -0.83460718054185      C
        4.76770947049599       -7.03268550366897       -3.27830349503298      C
        5.02096886496410       -7.47231535772553        1.38132970380678      C
        3.84240715227432       -8.55685318016698       -1.01437720472222      C
        0.09447799143607       -9.09128360190909       -2.51520033851235      H
        3.94171074834223       -7.77540456242854       -5.00893093160505      H
        6.80904813312211       -7.20799010501686       -3.45884018110210      H
        4.40519348143420       -8.55253458905439        3.01916629642684      H
        7.06989761256977       -7.62836100424696        1.28954608387919      H
        0.27758205941811       -9.37349719108603        0.77467489444474      H
        4.36772928306837      -10.53144066894792       -1.22923830920111      H
$end
