$coord
        3.88461059478808       -7.05506231762844        3.63821430765936      H
        5.77487623621710       -5.71193267154041       -3.01866533003120      H
        4.22140400978676       -6.95165026799299       -2.47531785762485      C
        2.95960023925268       -7.85244246043310        1.97878910584641      C
        0.90617942367618        0.21498639332096       -1.72144658014083      C
       -0.24295263921183       -0.60320889377379        2.29275425131445      C
        2.01805629190774       -2.12008827455437       -2.00530763255321      C
        0.80742422612964       -2.98281080037833        2.23697728399277      C
        1.99928734306540       -3.82323663663050        0.02460064366292      C
       -0.22286692920585        1.01506071866150        0.37348679407827      N
        3.07147297069327       -6.15035612443901       -0.14220585930255      N
       -1.16385964344023        0.03597018089170        4.00264799079241      H
        0.92285795747946        1.52952826259573       -3.28740177043257      H
        2.88321108422669       -2.59815893743796       -3.78241458391384      H
        0.69182004148337       -4.15827090557977        3.89222430134418      H
        4.97024237968308       -8.84142949391754       -2.23974346509399      H
        3.91877854387473       -9.59357790809374        1.49303500551273      H
        1.01572420150385       -8.31047597927212        2.49119250193472      H
        2.86238724719644       -6.98704559419758       -4.02541616703229      H
$end
