$coord
       -6.03179603018861        6.54774493043193        0.52115774133322      C
       -3.94020350278523        5.21891918829899       -0.32994863800269      C
       -3.56953939261931        2.72409444378014        0.40489706583126      C
       -5.29142703483762        1.56634636359954        2.00213667211610      C
       -7.37076242065149        2.90561416537930        2.84318857463336      C
       -7.74877832133264        5.39607137487893        2.10779031488057      C
       -6.25290948252343        8.47644098719430       -0.10290295741747      H
       -5.03135593358069       -0.36052799717869        2.59360129597060      H
       -8.71091140172315        1.99770110695639        4.08405682532322      H
       -9.37967281606129        6.41978363768416        2.77489349454435      H
       -0.15973741547849        4.83144369658322       -2.61350842685780      N
       -2.08705907443042        6.41642616127855       -2.05089973195364      C
       -2.29959298118684        8.57036075353315       -2.85524653908934      O
        1.74869076167948        5.59278562835570       -4.40936561877214      C
        1.65867403567841        7.64578409014335       -4.52724408880938      H
        1.30796240982668        4.85958077371576       -6.28642339739835      H
        4.34534850068404        4.73333327359040       -3.65315145883881      C
        5.90079964831209        3.49900404220956       -5.36141927795915      C
        5.23385142619052        5.17248370412915       -1.22057051341271      C
        8.30502147378601        2.72999511360427       -4.66891213205687      C
        5.21801703304710        3.13487781751698       -7.25054938295988      H
        7.62976658253845        4.40724270044374       -0.52259884647586      C
        4.01777940581747        6.10773127299946        0.12456280928526      H
        9.17495009224099        3.18283660991589       -2.24691176320251      C
        9.49330790608570        1.77248430331458       -6.02105936223897      H
        8.29663052287486        4.76464112218744        1.37076348915358      H
       11.04583697020725        2.58453136646287       -1.70123369156666      H
       -0.26087782533953        1.20139602934402       -1.11453117754620      Te
$end
