$coord
       -6.04300305097067        3.06240965522698        0.24352787184416      N
       -3.47057178985636        1.19685274979521        0.43428759830226      S
       -1.76399716534368        3.47587644006078       -1.09679401916790      C
        0.19836341746573        3.09555715220633       -1.44377834921144      H
       -3.11348744059457        5.53095246674983       -1.70367654052796      C
       -2.38667439559854        7.16395986425843       -2.66773147238721      H
       -5.74812980853968        5.37953249183625       -0.92651722314718      C
       -7.71868273204455        2.52524347697426        0.94794256000290      H
       -7.44320715033755        6.90310301487888       -1.18978763073309      O
        4.66489797582295       -3.17327195010873        2.72014623898797      C
        2.77465765672400       -1.40687105313454        2.35027770352051      C
        5.00469095309924       -5.03058870477410        0.91554282765106      C
        1.60689535089120       -3.19838716619539       -1.37796807000369      C
        3.44367097155455       -5.04669332875334       -1.17837878720092      C
        1.27148937281322       -1.40586231732921        0.34317577601197      N
        0.34568892278510       -3.15218827573634       -2.98403439804402      H
        5.83489941814081       -3.08792870578646        4.38521170636507      H
        2.44708138089816        0.07014625580069        3.72256790241017      H
        6.45887961455859       -6.44164569024728        1.13812365232164      H
        3.63653849853205       -6.46019656469484       -2.63213734699431      H
$end
