$coord
        2.18555556847050        1.47306003345765       -4.09766379828355      S
        0.07292679882045        1.08538555358096       -5.71072475860155      O
        2.32954079389199        3.72033254537736       -2.63102732186871      O
        4.43532440860082        0.05258030660928       -4.52884355300126      O
        0.80132419019936       -1.63455716190339       -0.40794557201550      Se
        2.93034085377473       -0.72485188722390        1.15068957515992      H
       -1.60446176158791        0.16884910793357        1.06856358956481      O
       -2.58106050648978       -0.86619754319452        3.35294011805098      C
       -4.12546337033023        0.36761919446132        3.89543589089297      H
       -1.15376019113981       -0.86687973432551        4.83461409010250      H
       -3.29026678421011       -2.77534041477282        3.07396173999939      H
$end
