$coord
        6.36532059693692        2.96703687847090        0.00000000000000      Te
       10.03811141247108        3.93246753094887        0.00000000000000      N
       11.40876473059159        1.91599709720491        0.00000000000000      C
       10.30001006786312       -0.56204385576551        0.00000000000000      C
        7.75289868017476       -0.63021685954687        0.00000000000000      C
       13.45213673852781        2.13061102550671        0.00000000000000      H
       11.45676679771875       -2.24324437171246        0.00000000000000      H
        6.57946965261206       -2.28802237709840        0.00000000000000      H
$end
