$coord
        6.84802297855196        0.91356409542597       -4.05799372261246      N
        3.60702173235593        0.33249504395562       -2.82414674933862      Se
        5.01034387982843        1.34344012809030        0.24237683966166      C
        3.81976502076696        1.38202172151362        1.88663358781750      H
        7.45202839188728        1.94805554501865        0.11988120178412      C
        8.56056006693304        2.56949160315486        1.70811739692082      H
        8.63300800915351        1.72277808116824       -2.37726960662153      C
        7.33308071480872        0.64350446879214       -5.87170655873310      H
       10.82501718131220        2.16803705140482       -2.91439591165302      O
$end
