$coord
        0.38778465090976        0.25866344426670        0.00000000000000      O
       -1.12749904513119        0.12535006918877       -2.06927599570729      C
       -3.55671986853510       -0.08863892668361       -1.34853293999615      C
       -3.55671986853510       -0.08863892668361        1.34853293999615      C
       -1.12749904513119        0.12535006918877        2.06927599570729      C
       -0.18435960201923        0.20778880445750       -3.85951918925060      H
       -5.16204315626323       -0.23000140121674       -2.57857759533464      H
       -5.16204315626323       -0.23000140121674        2.57857759533464      H
       -0.18435960201923        0.20778880445750        3.85951918925060      H
$end
