$coord
       -1.74132479821832        1.88084970306787        0.49775575095115      Te
        0.11981184883535        9.48916354772180       -0.47797844424871      O
       -2.10606631773708        5.85899285931188        0.37650034032920      N
        1.94737240902460        2.92662432940544       -0.45132007780869      C
        4.02363453324200        1.37297560255506       -0.83587556471670      C
        3.87162250713357       -0.64686156725253       -0.66093757023699      H
        2.20497609488061        5.53032507767646       -0.68257153285687      C
       -0.00835202255298        7.19632671537570       -0.27017924629752      C
        6.32887552787011        2.43706186401281       -1.45366010506230      C
        7.93880823556141        1.22098304062571       -1.75424901312983      H
       -4.47317656774003        6.97609500925063        0.77992719923551      C
        6.59193617585618        5.03644439911646       -1.68768624497926      C
        8.40122724181783        5.84183357918249       -2.16898871748117      H
        4.52770140253154        6.57720613865999       -1.29942557205870      C
        4.63982641240977        8.60686308130155       -1.45698281050722      H
       -5.28226148518798        9.07829305761061       -0.58402269340313      C
       -4.02828250361811        9.93479422708709       -1.93226008023340      H
       -6.10611612408075        5.90513921538466        2.54245151203766      C
       -5.47320659377891        4.31422508935677        3.65311555404244      H
       -8.49446878545056        6.89129184865478        2.92560822366823      C
       -9.72500099012920        6.03221876192269        4.30605089003211      H
       -7.66662493470873       10.05850420297231       -0.17572865589025      C
       -8.26325153444524       11.68922465392488       -1.24536164146899      H
       -9.29000927987291        8.97860943761905        1.57034143359960      C
      -11.14786441751118        9.75960811156722        1.87358238331042      H
        5.09813167386551      -10.22453024904831        2.75512771517127      H
        3.54790013876628      -10.37096059110245       -3.98794516565242      H
        2.39973637154453      -11.33491309980575       -2.57508273583977      C
        3.45786905084666      -11.23527332146027        2.02595062279334      C
       -0.25472071968029       -3.90936638496584       -1.90832688783769      C
        0.70782148641621       -3.81890141592801        2.28033024690814      C
        0.58758274844931       -6.34794815570067       -2.15820877480328      C
        1.59762208685246       -6.25319067377077        2.23788113999817      C
        1.56579191795458       -7.61860793874518       -0.04048605941171      C
       -0.20567212222531       -2.63343029760878        0.25879534715019      N
        2.43097845767243      -10.01689092192726       -0.18751279903077      N
        0.73213092328332       -2.73949495580535        4.01265465754012      H
       -1.00010315843990       -2.90246304706649       -3.51984054040485      H
        0.48879277994207       -7.24292698366362       -3.98002910291638      H
        2.31226019334540       -7.07161405080876        3.95523419540785      H
        3.15744908429468      -13.21613092152270       -2.31006962282174      H
        4.04236455372617      -13.13258556263539        1.53412067502378      H
        2.05899909812377      -11.36504705053417        3.53136749181981      H
        0.48527996804902      -11.51251560812117       -3.31206647581112      H
$end
