$coord
       -1.95126694559483       -2.11303184823243        0.00000000000000      N
        2.02730291080812       -2.83236290058325        0.00000000000000      Te
        1.78586261941383        1.05104261585517        0.00000000000000      C
        3.53614377459979        2.08939024057775        0.00000000000000      H
       -0.53670602994138        2.02989296943452        0.00000000000000      C
       -0.90441196283182        4.03710487900352        0.00000000000000      H
       -2.72233340800461        0.30985933751708        0.00000000000000      C
       -3.34304702384337       -3.40703239453257        0.00000000000000      H
       -4.94286081505517        1.03273305943372        0.00000000000000      O
$end
