$coord
       -0.79870994307856        2.39036616455560        0.17613589187011      Se
       -0.08057981167994        9.84209427896167       -0.38897196583386      O
       -1.73098818528926        5.86209560063590        0.20358813225508      N
        2.47629522397650        3.58702483947781       -0.58661615353656      C
        4.65631616257321        2.18297609231039       -0.96749782388570      C
        4.62326541957144        0.15524421367198       -0.84733694263513      H
        2.54402149650200        6.20348596340533       -0.74588964125146      C
        0.15583569794899        7.55536617528602       -0.31455662974504      C
        6.87812915030635        3.44318323324178       -1.50813089368665      C
        8.58067676844746        2.36154236094937       -1.80963896454119      H
       -4.26091931688825        6.50588806368943        0.66547177910040      C
        6.95798311818182        6.06512890930079       -1.66806786424390      C
        8.71536813181546        7.00620420456682       -2.08994071779785      H
        4.78506509316972        7.44755994549300       -1.28426033093601      C
        4.75563374261444        9.48367805072725       -1.38644084605604      H
       -5.37478455494814        8.60253712025707       -0.46899544214271      C
       -4.26156881575728        9.79697782362681       -1.67545593750072      H
       -5.71051462105649        4.98390509956409        2.24507154790236      C
       -4.84973624546955        3.38258784224754        3.16808540778710      H
       -8.22725603122347        5.53376173360669        2.67291725881840      C
       -9.31862842613984        4.33087187576116        3.90529402516728      H
       -7.88760213778995        9.14200706362831       -0.01051273540388      C
       -8.72577145207672       10.77501408319168       -0.89847803382790      H
       -9.33185405236822        7.61949403132502        1.55173840271100      C
      -11.29280433257083        8.05666761936480        1.89312895445304      H
        4.10971344794458      -10.74330844724541        3.05894503135010      H
        2.54124756752367      -10.94221629480765       -3.75903999456057      H
        1.23621857956024      -11.51706739143755       -2.27235635855269      C
        2.29394043240288      -11.38284883754593        2.32556159759138      C
        0.46262819893842       -3.63474911686465       -2.09901404881260      C
        1.42270261168877       -3.51305982512449        2.07052245905909      C
        0.71110394069467       -6.21771749084984       -2.19590616537288      C
        1.72077931784622       -6.08970139604446        2.19287296597025      C
        1.36605920493895       -7.54824360854972        0.00455972016610      C
        0.81152644360096       -2.26506655105435       -0.02221505340320      N
        1.63711509518568      -10.09381222382994        0.01649825393100      N
        1.68812598424846       -2.37622118656759        3.74663091899064      H
       -0.04811866322905       -2.59605397150775       -3.78183160340439      H
        0.39379870430137       -7.17656263675613       -3.95998704558388      H
        2.21763385840854       -6.94511294943748        3.96868432109984      H
        1.54310499993806      -13.50285812154829       -1.88828010618988      H
        2.42757165941496      -13.39062615317141        1.95676453683658      H
        0.87272522414680      -11.09141697536048        3.78865238087860      H
       -0.68474887529765      -11.28901958908844       -2.98170209806101      H
$end
