$coord
        0.48170422827601       -1.40428836444002        3.48737655736477      H
        0.16584746695723       -3.80990008347860        1.22330815964944      H
       -0.71650553384929       -2.11027398192615        1.97027853527157      C
       -0.77153794907787       -0.22121852110734       -0.03722647081935      N
       -0.67376427528046        2.80769120321804        2.45432205551725      H
       -1.43215936813421       -2.86023749475707       -2.85298019054808      H
       -1.87535589127838        2.11032368172323        0.93590443767123      C
       -2.31903278280342       -1.15620492982723       -2.11904514573358      C
       -1.84471700572946        3.50838331988389       -0.57064588908478      H
       -2.28656974462641        0.25322556837049       -3.61618482536160      H
       -3.44032936884838       -2.62061757653863        2.91137046012750      C
       -3.63434736109055       -2.18353923069553        4.91073906141626      H
       -3.96031283436777       -4.59246118298661        2.65233530673209      H
       -4.59526100121285        1.58732874865165        1.88135180329918      C
       -5.03638354993525       -1.66891181593115       -1.16878672636496      C
       -5.22414560384186       -1.06483912834580        1.50956179430821      N
       -4.78781521159888        2.02252776186382        3.88126483468444      H
       -5.55708057603929       -3.64127698678953       -1.42283999477803      H
       -5.96972797562545        2.72616312696876        0.86177256050111      H
       -6.41112321182764       -0.52727459582601       -2.18499847720896      H
$end
