$coord
        0.62534212203580        0.11962249827766        0.00000000000000      S
       -1.60003942451108        0.02763214231204       -2.32348667830654      C
       -3.96952014696476       -0.06824840385373       -1.33737316236721      C
       -3.96952014696476       -0.06824840385373        1.33737316236721      C
       -1.60003942451108        0.02763214231204        2.32348667830654      C
        6.88744361037460        1.01644343126688        0.00000000000000      S
       10.69816137834733        0.55659029514247        0.00000000000000      Cl
       -1.04629448999445        0.05372774831215       -4.27548740455556      H
       -5.65313384317284       -0.13491283926980       -2.47774294316057      H
       -5.65313384317284       -0.13491283926980        2.47774294316057      H
       -1.04629448999445        0.05372774831215        4.27548740455556      H
        6.32702888750113       -1.44905333071570        0.00000000000000      H
$end
