$coord
       -6.63873599922286        0.92490037347495       -0.43913928115461      C
       -4.28061253077815       -0.11638105105610       -0.91725510849258      C
       -3.93730466291006       -2.72454136400861       -0.80361378237195      C
       -5.96436663363729       -4.28051407604705       -0.21026566848904      C
       -8.30386382756207       -3.21944532926510        0.26156700845718      C
       -8.65501689343652       -0.61803001576919        0.15072568953540      C
       -6.81572510243823        2.95432903720066       -0.54825622498767      H
       -5.69079513997347       -6.29726229953133       -0.12666512959890      H
       -9.87611747502718       -4.43750269590467        0.72323484857906      H
      -10.49300477340881        0.18570584291041        0.52420775929836      H
       -0.00138951561943        0.16204552696710       -1.92008041741499      N
       -2.10393886406598        1.52644555236863       -1.55120115357377      C
       -2.27368219040172        3.84658099036577       -1.70551259843064      O
        2.29294360187214        1.43260043021169       -2.58220757024743      C
        1.80207552470001        3.35590698806664       -3.14386535496568      H
        3.15880212819990        0.50987172999915       -4.21302987743812      H
        4.22485181510113        1.55989710628144       -0.48891958056504      C
        6.73168406838844        2.09297448411832       -1.05401156456956      C
        3.55471014480157        1.20229818459591        2.01746159509632      C
        8.52666178176437        2.28427712889202        0.83514499659692      C
        7.27940833547202        2.35322964469978       -3.00548845873683      H
        5.34592409065510        1.38963164861746        3.91474586832479      C
        1.61782779446735        0.75207452588473        2.46240913846756      H
        7.83716667033212        1.93379245914785        3.33577516874322      C
       10.46775708752082        2.69306003855334        0.35619976846286      H
        4.79072331113206        1.09579019665051        5.85566637441471      H
        9.23388611472520        2.06822247339281        4.81632721039454      H
       -0.24799121597790       -3.92369523330577       -1.56294976986315      Te
       -1.58187802261780       -8.70626210853875       -0.98100407444359      Cl
$eht charge=-1 unpaired=0
$end
