$coord
       -0.39042913364856       -4.87917307623060        1.77590829807978      Te
        2.02704193963031       -4.79151548432350       -1.23737717064724      C
        3.14358473063617       -7.04968774755740       -1.63640191254625      C
        2.50405189924015       -9.07305265809443        0.03370232056954      C
        0.82016513760705       -8.57485093177787        1.88723508764297      C
        4.47254313154306       -7.32718514724513       -3.16136705346885      H
        3.34426022801538      -10.92002221736443       -0.19399758320002      H
        0.18159644447981       -9.92658979214444        3.26605051084094      H
        2.31017412467643       -3.10853579123023       -2.33779303890559      H
$end
