$coord
       -1.14651743782198        0.83958679785284       -2.13570024693292      C
       -1.81969192957894        3.66205358066667       -2.37853080983710      C
        0.50122906756820        0.37372319881646       -3.27305402483139      H
       -2.68354299984452       -0.36685423332608       -2.77164600019919      H
       -0.84938899623386        4.50433796256241       -3.98316680417370      H
       -3.83796648485408        3.90828829621174       -2.69302677937354      H
        1.79403530695759        1.43006177213588        1.23302437549179      C
        2.06065752177073        1.07824106602161        3.24033662951800      H
        3.35091735520719        0.51691417234778        0.24992856320086      H
        1.69196590773369        4.28208916277192        0.65587839545615      C
        2.38600165309817        5.37117234346093        2.25516533102440      H
        2.88284107585149        4.74701507970527       -0.95638056509456      H
       -2.71285321895522        3.96610805747414        2.20479090172040      C
       -2.02973253168654        4.67117715778984        4.01283266974106      H
       -4.64594043231337        4.62980746244226        1.98628602732801      H
       -2.60907739704079        1.05991771459945        2.11980387077262      C
       -2.32189666274529        0.25932692710905        3.99242173786903      H
       -4.35722864191169        0.26820259277117        1.38189699958939      H
       -0.55895112998996        0.19277493039739        0.48439576519531      N
       -1.04802491220676        4.96777420839171        0.07411600347068      C
       -1.25569428597319        7.00329780578716       -0.10145467131556      H
$end
