$coord
        1.62238505798949       -1.11243717202751        1.53046915723317      N
        0.61578955647584       -0.78082387428164       -0.74564945706102      C
       -0.00463606510153       -1.52193420919133        3.39728178567475      C
       -1.93405494210656       -0.84150392500627       -1.26202864794292      C
        1.93562927294098       -0.43018594774877       -2.26773937968502      H
       -2.58990858215048       -1.62191753974626        3.11533483685400      C
        0.80523630122255       -1.78736514065551        5.25504130317112      H
       -3.64722773435596       -1.27929847705060        0.71036883723219      C
       -2.56737095249781       -0.54447469403969       -3.17144704159019      H
       -3.75470250618673       -1.96014204433911        4.74764549234044      H
       -6.18463443353134       -1.36480178117562        0.31508102874463      N
       -7.18400456720750       -0.94326851140627       -2.18061091109282      C
       -9.22327322383672       -1.10526717316548       -2.12293004470058      H
       -6.70685382300137        0.93275747675590       -2.89140191314125      H
       -6.47083364407772       -2.33252750603195       -3.52462457106194      H
       -7.87320960567962       -1.74760057867819        2.41412474625739      C
       -9.80207271423140       -1.75832080601055        1.73034473354383      H
       -7.51830826803699       -3.54712440619212        3.35316896388468      H
       -7.69800969515903       -0.25039324685491        3.82114905618063      H
$end
