$coord
        2.64739310599837        0.26864100923208        0.00000000000000      O
       -3.13208461333218       -0.57674686987812        0.00000000000000      S
        3.25166856119690       -1.08649142130909       -2.20181023670403      C
        3.25166856119690       -1.08649142130909        2.20181023670403      C
        2.73824357916562        0.07681169778745       -3.80912510679490      H
        5.27137326120315       -1.50376203585914       -2.28548919922835      H
        2.20202207500260       -2.86228387917742       -2.29318813243267      H
        2.73824357916562        0.07681169778745        3.80912510679490      H
        2.20202207500260       -2.86228387917742        2.29318813243267      H
        5.27137326120315       -1.50376203585914        2.28548919922835      H
       -6.28823885728627       -0.94909756061027        0.00000000000000      C
       -2.98444598039396        2.84218342930767        0.00000000000000      C
       -0.98008566754702        3.26410031348033        0.00000000000000      H
       -3.87365830908762        3.58660834383994        1.68506746251576      H
       -3.87365830908762        3.58660834383994       -1.68506746251576      H
       -8.44183651137286       -1.27084592106778        0.00000000000000      N
$end
