$coord
       -0.18568486695043       -2.95403820835008        0.00000000000000      S
       -1.49565813434632       -1.13765500024273       -2.32398840059263      C
       -2.88509721987168        0.77932740016356       -1.33948493131147      C
       -2.88509721987168        0.77932740016356        1.33948493131147      C
       -1.49565813434632       -1.13765500024273        2.32398840059263      C
        4.64990734539417        0.90399716794747        0.00000000000000      Se
        8.42865548268102        3.18014809655839        0.00000000000000      Br
       -1.15709140035229       -1.57652877487684       -4.27587593224678      H
       -3.86842660231161        2.14800160811375       -2.47909901062760      H
       -3.86842660231161        2.14800160811375        2.47909901062760      H
       -1.15709140035229       -1.57652877487684        4.27587593224678      H
        5.91966875263903       -1.55639752247125        0.00000000000000      H
$end
