$coord
       -0.56763687817655        1.32069878596139        0.01142150469721      S
        2.07435368980414        8.11893504003410        1.58307232952856      C
        1.22373712747973        9.97051477515773        1.59091525986357      H
       -2.79997053816329        3.66434808612719       -0.28404605659999      N
        0.60258112675519        6.04986332372088        0.92640176088097      C
        4.57070949042917        7.73986297142190        2.20342122822527      C
        5.74867027021132        9.32023922868846        2.71841430499476      H
       -5.23280565175316        3.02259596037041       -1.01346654570277      C
        1.62225580072256        3.61846780349275        0.89045822512762      C
       -9.39728752018672        4.89537539905048       -1.88333828340139      C
      -10.04654639400093        3.00806283263641       -2.29473940860837      H
       -3.47238006878501        8.04619267848341        0.09321546541221      N
       -5.77927041637468        0.83543336880354       -1.43734723326413      O
      -10.04070562849496        9.35683585379048       -1.48857714158475      C
      -11.28332300968577       10.96889696001594       -1.61396103687115      H
        4.14214020338001        3.23579164921568        1.51910925760763      C
        4.92422565882245        1.35975923598469        1.49511975137341      H
       -5.92517239100438        7.63020103057450       -0.61235913664182      C
       -2.02926047810061        6.08617289942457        0.22866196333961      C
      -10.97177671365725        6.94739573859602       -2.04247174241045      C
      -12.91917255528579        6.70909050284248       -2.59204529547959      H
        5.58328219567499        5.30842871180822        2.16799302078611      C
        7.54265663326227        5.03248920233763        2.66013156083183      H
       -7.57050741688693        9.69870979747520       -0.78790581190627      C
       -6.82962214835869       11.54674724097822       -0.35658602848273      H
       -6.87870513882913        5.21162012114265       -1.17305146028300      C
$end
