$coord
        2.46250759319866        0.33293950754013        2.47399637214590      H
       -2.20529715934918        2.36042477691927        2.79827035156897      Te
       -0.44833960176494        0.76755024900970        7.80710944248436      C
        1.16363533294924       -0.74459706858222        6.15656274092272      C
        0.73594779210983       -0.34243840487814        3.34474305304022      C
       -2.13005809164264        2.31713247421251        6.74095468681060      C
        2.74075502518525       -2.22771479139294        6.89503029384712      O
       -0.21523697100508        0.56359362016031        9.82400411974329      H
       -3.39113148302956        3.49255572975452        7.82999837222360      H
        0.22594718278898       -2.12172704504964        2.46679991711812      H
$end
