$coord
        7.77908215843966        3.51127649058068        4.98350561146134      N
        5.12144239047576        2.49461952026172        3.54142385836459      S
        6.95176176183435        0.75058579964375        1.52743992625541      C
        5.98926131868521       -0.34166286127660        0.11489723810305      H
        9.43933506029519        0.95630006276165        1.95889539201470      C
       10.89108087279326        0.01049383814263        0.89933918202289      H
       10.05212732216478        2.62646930245612        4.05623004122035      C
        7.72083872058012        4.70989216587755        6.45045521549504      H
       12.10101487374092        3.20764115502766        4.91573908776939      O
       -6.17567769861848       -5.34104651855484       -1.57206921019534      H
       -5.77286367789438        0.10623208793121       -5.95028326072095      H
       -6.96318572317551        0.07961283882197       -4.26862089570914      C
       -7.23464790453904       -3.59193472589479       -1.31751403052357      C
        0.12879957525666        1.76745782079570       -1.15395029758795      C
       -0.11677770456966       -1.55035266654382        1.51416252153121      C
       -2.19078746421912        1.24495894083183       -2.20465408554897      C
       -2.44974494987081       -2.25545653782021        0.60980649459268      C
       -3.57653742640400       -0.83823167524888       -1.32715446834832      C
        1.19751320907576        0.41890711737397        0.67572297640863      N
       -5.87277349810307       -1.44497851427318       -2.29312785016929      N
        0.75053628881929       -2.63701794265637        3.01177671138912      H
        1.19600766427228        3.37620075691894       -1.82410160549075      H
       -2.90392645097740        2.44742606694329       -3.68085559971620      H
       -3.37198307718140       -3.88225864165338        1.40773919331619      H
       -8.78244018115661       -0.69875968273081       -4.78894488987618      H
       -9.00968182634096       -3.77114614703272       -2.31922288925156      H
       -7.64877703837952       -3.38205097105554        0.69041635291800      H
       -7.24899678397590        2.02682329831769       -3.65705034177913      H
$end
