$coord
        3.20206381734345        1.01746520618246        0.00000000000000      Se
        3.66483128909725       -1.37412398912099       -2.74353896971204      C
        3.66483128909725       -1.37412398912099        2.74353896971204      C
        3.40270435478935       -0.34319467327322       -4.49290927690593      H
        5.55559033801741       -2.15563666857506       -2.67353028597322      H
        2.25856211373341       -2.85920438148474       -2.61107918392460      H
        3.40270435478935       -0.34319467327322        4.49290927690593      H
        2.25856211373341       -2.85920438148474        2.61107918392460      H
        5.55559033801741       -2.15563666857506        2.67353028597322      H
$end
