$coord
        2.90543161783566       -4.10153641403074        0.00000000000000      S
        4.31346919890692        3.26974152390755        0.00000000000000      C
        3.10183633417322        4.90839750177524        0.00000000000000      H
        0.16246221157758       -2.15902816005091        0.00000000000000      N
        3.20650637448982        0.88922725753004        0.00000000000000      C
        6.90373588415802        3.45898663487676        0.00000000000000      C
        7.80474463921201        5.28784109054354        0.00000000000000      H
       -2.20374588317348       -3.26580446849951        0.00000000000000      C
        4.66949756921027       -1.31116870814232        0.00000000000000      C
       -6.74014701786494       -2.22089665953531        0.00000000000000      C
       -7.08353538806593       -4.23050115135069        0.00000000000000      H
       -1.24002108646820        2.08205980396773        0.00000000000000      N
       -2.46671166690810       -5.54618630493085        0.00000000000000      O
       -8.12157668818371        2.08587553895857        0.00000000000000      C
       -9.64416058521668        3.44453854481836        0.00000000000000      H
        7.29334317591498       -1.10352220006200        0.00000000000000      C
        8.43588349613508       -2.78863614984043        0.00000000000000      H
       -3.65401959902046        1.18781721330295        0.00000000000000      C
        0.53717657174641        0.38521122187325        0.00000000000000      C
       -8.67788692591451       -0.49866338640880        0.00000000000000      C
      -10.61710365493047       -1.12706081764289        0.00000000000000      H
        8.36725242274111        1.26685179593078        0.00000000000000      C
       10.40242755463918        1.41404955576413        0.00000000000000      H
       -5.66930857599131        2.91636481730226        0.00000000000000      C
       -5.21444847423337        4.90313007917547        0.00000000000000      H
       -4.23393950803443       -1.40752943371635        0.00000000000000      C
$end
