$coord
       -0.00352169360584       -1.83858446650984        0.04534152171631      Se
       -4.78201469725936        0.42733472897194        0.61657360384495      C
       -5.09093030554980        5.08283660855805        0.49961618632084      C
       -1.24362309343434        3.27354894410343        0.03374465043473      C
       -6.28603808224153        2.72030573187289        0.74383154052914      C
        1.46630161694556        3.14867735356941       -0.33463081242166      C
        3.01798994191426        5.24382181019663       -0.62165715609279      C
       -6.58572200046798        7.26502827555411        0.63213096313850      C
        2.47588590929791        0.71458972950415       -0.38961239401749      C
        5.57457925098066        4.90248190311473       -0.96326559325700      C
       -8.89093710584818        2.56611485154277        1.10702631921489      C
       -9.14520731482036        7.08294900604946        0.99057005705903      C
        5.05049319004472        0.37310072303101       -0.73627887212687      C
        6.57519320239204        2.47256849508614       -1.01927197333021      C
      -10.31625585438387        4.72769735439633        1.23064766694486      C
       -2.54139326540788        5.33737005637939        0.14133904192919      N
       -2.24800950510830        0.91020000497892        0.25192864933116      N
       -5.53573593048909       -1.73759013247824        0.79513250255204      O
        2.16972438786149        7.09606011487469       -0.56910330564926      H
       -5.66071466849437        9.07048546515413        0.44432336683228      H
       -9.72652278657736        0.71578176874356        1.28348781089627      H
        6.80178686048826        6.51308621947072       -1.18832895113749      H
        5.84740449179787       -1.49563829222201       -0.78670867040632      H
      -10.27065411738021        8.78074849832985        1.08860451306164      H
        8.57949890215398        2.21287155960189       -1.28953304476893      H
      -12.33124474284613        4.61583785103861        1.51165787852564      H
$end
