$coord
        0.83013193113353       -4.00972841663614        0.22319536360631      Te
        0.24961392380111        4.03935592076317       -0.32761558212923      O
       -0.84721581119055       -0.17704938547875       -0.14713993421393      N
        3.99395921904402       -1.65339697547541        0.10796855726713      C
        6.49147568945478       -2.45143417605361        0.21056367829889      C
        6.90561068144625       -4.43916565489434        0.36751601541492      H
        3.44900472354129        0.91267894770920       -0.09027580745276      C
        0.78837465295779        1.78267162787979       -0.18858143915425      C
        8.41279690104320       -0.68564517239856        0.11427268361886      C
       10.35261040556932       -1.31701495385406        0.19642814894151      H
       -3.45240131727768        0.13160714136000       -0.11329153781496      C
        7.87892564926137        1.87836868163886       -0.08591961079028      C
        9.39629957136876        3.24034588917601       -0.16066186949866      H
        5.39739078165914        2.66652903965412       -0.18667602830279      C
        4.88653941763698        4.63507582990509       -0.33993678543437      H
       -4.97208353984630       -1.77478107644644       -1.12654870186312      C
       -4.07574921133417       -3.37737427684233       -2.01422203760088      H
       -4.65258829984717        2.22333554007175        0.96990571291369      C
       -3.51517612941145        3.72182769668715        1.73346826185521      H
       -7.25807956362127        2.36575059205629        1.03148886375327      C
       -8.13855134207072        3.99965353077534        1.88193629558953      H
       -7.57627297129315       -1.61611003342007       -1.04754114231886      C
       -8.69373946042873       -3.12380213270058       -1.84932737055569      H
       -8.74748535011167        0.45816542172251        0.03164686546379      C
      -10.78186282861253        0.58880672406022        0.09024821745134      H
$end
