$coord
        0.60854453548666       -4.90251913071938        1.74671146253655      S
        1.46254748702639       -5.20235479395363       -1.31719447783590      C
        2.41996343306463       -7.56366585242536       -1.69227941329776      C
        2.37390230364007       -8.94214131389351        0.58947209662870      C
        1.46161188362209       -7.76165283644706        2.56546554164635      N
        3.10920645503185       -8.27422744172226       -3.46820830939230      H
        3.02768839433104      -10.86228182459926        0.80598160920610      H
        1.22145490523903       -3.68681692974892       -2.64335230462610      H
$end
