$coord
       -6.93463555191214        0.99068211781822       -0.61912700178453      C
       -4.44814657830160        0.24330545107929       -0.97805572374395      C
       -3.74138844077571       -2.28242803187908       -0.73563050709351      C
       -5.54206330047215       -4.09543203173038       -0.11119394181663      C
       -8.00341967251569       -3.32435536479953        0.24223019691438      C
       -8.72000551972527       -0.79916177659496       -0.00759745491142      C
       -7.40008322222849        2.96468152382917       -0.83254983570998      H
       -4.98885448125708       -6.04708920576994        0.07762012262356      H
       -9.40672613526135       -4.72550187058475        0.72412736622772      H
      -10.66587408469990       -0.26038687449235        0.27863293611601      H
       -0.23935856909541        0.48155569580261       -1.79994485849450      N
       -2.36290334170433        1.92392941158562       -1.63755842493451      C
       -2.44255926628194        4.20953407308019       -1.99847381596875      O
        2.16172763381993        1.51213824690652       -2.50806095321353      C
        1.77811039593280        3.45390402749198       -3.07639778594664      H
        2.89346265948015        0.50583659780525       -4.15151041036894      H
        4.12907350311871        1.48597650049205       -0.44783428899921      C
        6.65437593954805        1.80660916664558       -1.08131810707033      C
        3.48802851287776        1.19616715715719        2.07347402229313      C
        8.50203638268922        1.86404984884739        0.76424077164765      C
        7.17640389976166        1.99935480628805       -3.04689727141519      H
        5.33530571956086        1.24059386245657        3.92499290823555      C
        1.53643955795130        0.90099779464247        2.57912863947258      H
        7.84573317680025        1.58088837304633        3.28154324150103      C
       10.45735338931433        2.10915507508777        0.23682350149923      H
        4.80725085581799        0.98750718895624        5.87830718311379      H
        9.28439339177576        1.60209355680854        4.72675740462195      H
       -0.53739294538767       -2.76623665916746       -1.28227271699814      S
       -0.61628428677527       -8.75836884978119       -0.47345519579682      I
$eht charge=-1 unpaired=0
$end
