$coord
       -1.71925411989104       -2.01034979979893        0.00000000000000      N
        1.52858604514999       -2.32472520480862        0.00000000000000      S
        1.69579279210866        0.89209699562289        0.00000000000000      C
        3.57465884966351        1.66280875643908        0.00000000000000      H
       -0.55039520598813        2.08672704955032        0.00000000000000      C
       -0.79145963085623        4.10471909076982        0.00000000000000      H
       -2.69530692291551        0.38234431836959        0.00000000000000      C
       -2.86309646141101       -3.52024040645282        0.00000000000000      H
       -4.96569002944887        0.87459907657197        0.00000000000000      O
$end
