$coord
        0.04996927202289       -2.72171943598672        0.00000000000000      S
       -1.43823616043315       -1.04786598623968       -2.32532122442832      C
       -3.01922034259400        0.71241748932390       -1.34024403429573      C
       -3.01922034259400        0.71241748932390        1.34024403429573      C
       -1.43823616043315       -1.04786598623968        2.32532122442832      C
       -1.05530508210186       -1.45020096139118       -4.27684044846079      H
       -4.14045740226603        1.97131977436624       -2.47909334144923      H
       -4.14045740226603        1.97131977436624        2.47909334144923      H
       -1.05530508210186       -1.45020096139118        4.27684044846079      H
$end
