$coord
        0.03198323671398       -1.39649948027217        0.00000000000000      Te
        0.13409515477568       -5.14220802394138        0.00000000000000      C
       -0.11974589739360        4.41687331169264        0.00000000000000      N
       -1.01851305931856        5.09535868975024       -1.53915830692679      H
       -1.01851305931856        5.09535868975024        1.53915830692679      H
        1.64262515861985        5.14645442751601        0.00000000000000      H
        0.17403413847431       -6.60766890173410       -1.98654605364276      F
        0.17403413847431       -6.60766890173410        1.98654605364276      F
$end
