$coord
        2.52003917122705       -4.48948509316812       -0.55120967794784      N
       -0.66513767552157       -6.09911072036417       -2.19126367520253      H
        2.63525785174390       -4.13417179523032       -4.45036436088145      H
        5.30675819391405       -2.96514280597619       -2.88017693996100      H
       -0.45128455095755       -6.45316035844243        1.10080723053876      H
        3.09875702545315       -4.90222338858088        3.30260745169433      H
        5.59462754440937       -3.45189562656673        1.67840220950161      H
        3.95468919839351       -4.50885818745250       -2.92092850589322      C
        0.62795126689606       -6.51779088163057       -0.64820251691056      C
        4.21947384352308       -4.97238325040966        1.58233325764122      C
        1.95753460023236       -9.09062030803935       -1.01178223280789      C
        5.29171654087991       -7.09068667863933       -3.23006634597591      C
        5.52281776270118       -7.56522430956033        1.22351848616711      C
        4.68150791256791       -8.73858398417426       -1.11583678932570      N
        1.35323476756682       -9.99508442731221       -2.75491738865360      H
        4.70959396709508       -8.02175700791117       -4.96695822465110      H
        7.33274226485980       -6.86114013450079       -3.30157263766849      H
        5.08402978163314       -8.83542205456737        2.77811188710719      H
        7.56612911042880       -7.35934375054347        1.14656354713942      H
        1.52544588724871      -10.37075782348928        0.53618522142143      H
$end
