$coord
        0.29453365864640       -5.22921025882845        1.60482043160636      S
        1.64763916894630       -5.30560054769011       -1.28868474671159      C
        2.86199720772432       -7.55705899194846       -1.58738260584620      C
        2.58010128150893       -9.04568488846722        0.60652063880719      C
        1.26234423220573       -8.04491068828047        2.44823524766985      N
        3.88336885575160       -8.11993187056484       -3.25288384406764      H
        3.36345153064657      -10.91237581854638        0.85805622510443      H
        1.47665013514921       -3.75422818492945       -2.58429458377946      H
$end
