$coord
        4.41218962549277        1.31277478637564        0.00000000000000      Se
       -2.33689523002379       -0.49249286369408        0.00000000000000      Te
        4.56310712222982       -1.12239413897814       -2.74098632766290      C
        4.56310712222982       -1.12239413897814        2.74098632766290      C
        4.50374987979243       -0.06118460759990       -4.49165053033432      H
        6.31079349447406       -2.18533522640437       -2.63851725136364      H
        2.94155694524219       -2.37184665956170       -2.65128915434950      H
        4.50374987979243       -0.06118460759990        4.49165053033432      H
        2.94155694524219       -2.37184665956170        2.65128915434950      H
        6.31079349447406       -2.18533522640437        2.63851725136364      H
       -2.82842735695611        3.51245492379200        0.00000000000000      C
       -6.32195780744571       -1.22623458952603        0.00000000000000      C
       -0.95047762759908        4.32684127890996        0.00000000000000      H
       -3.84331913410207        4.08177309130162       -1.68359744456342      H
       -3.84331913410207        4.08177309130162        1.68359744456342      H
       -6.58022195258227       -3.25849973216479        0.00000000000000      H
       -7.17299313307934       -0.42843436060386        1.68211325366514      H
       -7.17299313307934       -0.42843436060386       -1.68211325366514      H
$end
