$coord
        0.64049753658264        1.83468671740520        0.00000000000000      C
        1.15747671550910       -0.69350170876167        0.00000000000000      C
       -1.99209334468158        2.23307008625750        0.00000000000000      C
       -3.40876187188182        0.19981472712944        0.00000000000000      N
       -1.58197987885592       -2.32267882038827        0.00000000000000      S
        2.04357987780993        3.30835940007245        0.00000000000000      H
        2.91768894839778       -1.71283963353363        0.00000000000000      H
       -2.89443908096874        4.06672879265091        0.00000000000000      H
$end
