$coord
       -1.77209766534948       -2.00139004132426        0.00000000000000      N
        1.45925426130901       -2.33159284749071        0.00000000000000      S
        1.66189507385783        0.88443944742071        0.00000000000000      C
        3.54664876212655        1.64279617883412        0.00000000000000      H
       -0.57596830271478        2.09250450923112        0.00000000000000      C
       -0.80549122527676        4.11152890783251        0.00000000000000      H
       -2.73206096220370        0.40214656945688        0.00000000000000      C
       -2.92251511994745       -3.50616421449575        0.00000000000000      H
       -4.99735976059877        0.90338924305318        0.00000000000000      O
$end
