$coord
       -1.31580874166871        0.67149244653344       -0.23421076615933      Se
        1.97402699601237        7.46262805469289        1.47804758761837      C
        1.23658178492139        9.36218510153144        1.50781115202636      H
       -3.37214861718991        3.59347069528889       -0.43067293017108      N
        0.35993707981952        5.50719558580156        0.80603905688029      C
        4.44750104785743        6.92899906580023        2.08256492776085      C
        5.72132385448932        8.42989816658057        2.60785247656681      H
       -5.86463860508180        3.32810306964987       -1.13508157120623      C
        1.22085435027662        3.01596604523479        0.73825401387232      C
       -9.75217827536305        5.78457260993514       -1.88596386887893      C
      -10.66367274273733        4.02011699703363       -2.34337623474079      H
       -3.42159197843232        8.00527103719998        0.08772921252722      N
       -6.72499670557863        1.25016362452426       -1.61880591670946      O
       -9.75931331429178       10.27763495465717       -1.34680705312654      C
      -10.76434752408126       12.05124912522165       -1.40539876751084      H
        3.71319826233908        2.48277490588521        1.35018153706727      C
        4.39672127229969        0.56991947836248        1.30895489398733      H
       -5.91719680189542        7.96401396952943       -0.58951669416524      C
       -2.27307823393229        5.84987474178798        0.13738762460261      C
      -11.02568606464997        8.04136782974203       -1.95758203235809      C
      -12.99396980502439        8.09580498124136       -2.48192339529346      H
        5.30133241226504        4.44418930282403        2.01561212013816      C
        7.24049944148393        4.03041562646759        2.49194574676799      H
       -7.25723164350915       10.24764972537475       -0.67532896851164      C
       -6.26023802940732       11.95927917829818       -0.19863856158948      H
       -7.20726010381492        5.72305522156470       -1.20747187677990      C
        4.81158021836950      -11.32415110952603       -3.80451511991388      H
        2.90590839573690      -12.26860466818505        2.73659176956009      H
        4.86305824773028      -11.86948695176071        2.22902097009028      C
        4.00014731621170       -7.92900225772814        0.06626702601206      C
        6.17061361054972      -11.22051871782446       -2.25864885216253      C
        1.79793418989790       -4.56559003338496        2.16171194909310      C
        2.98313602224437       -3.97746077614041       -1.90940611042746      C
        2.80970395051337       -6.95568010895375        2.22880969870955      C
        4.05730926381012       -6.33645030606803       -2.05556905623497      C
        1.86952495234825       -3.06312019224983        0.14911469801416      N
        5.02838358335928      -10.27297564592430        0.02682333953070      N
        3.00631615877942       -2.74604531347112       -3.53873799062367      H
        0.86660988143491       -3.80796538187222        3.81401174958055      H
        2.65975493841519       -8.04517827349972        3.93826728939794      H
        4.91451095476100       -6.92617789366879       -3.80176046614202      H
        5.79816900042918      -13.64671276689457        1.83891460166381      H
        6.89348638760330      -13.10316573940946       -1.91480486899289      H
        7.74090591127008      -10.03325065893333       -2.86354432650255      H
        5.78432770142939      -11.00575512321360        3.85585236467839      H
$end
