$coord
       -0.92536826966341       -0.76426231452547       -0.00069844277566      Te
        2.30464062863832        6.65520741904289        0.53102929266302      C
        1.43078893874863        8.48394773525174        0.74388369697018      H
       -3.14877561932789        2.45610501211583        0.41475822366737      N
        0.74628648373763        4.54603854895441        0.41222504579732      C
        4.88771180372470        6.37352692160570        0.37747392722861      C
        6.10343271298379        8.00606793470673        0.46857063170990      H
       -5.71519396088628        2.12612746130343        0.51198841223134      C
        1.78394757095914        2.13370942046064        0.13776160140267      C
       -9.73850478404313        4.45931315894459        0.93337296055469      C
      -10.69726848275345        2.66486003354085        0.81532479311145      H
       -3.17263926980221        6.87066189752491        0.82286876877355      N
       -6.59757908703691       -0.00366965916140        0.35683660616685      O
       -9.70832075557241        8.96622984177666        1.34921135167489      C
      -10.73383203764828       10.71593557535767        1.56356903311419      H
        4.38548741740666        1.86908162259941       -0.01307973937156      C
        5.22489015593496        0.03014169860553       -0.22091710979047      H
       -5.75404861973460        6.75653491179026        0.94361603204058      C
       -1.99674981882526        4.74225901699482        0.56732280569464      C
      -11.03612245511841        6.68710316143729        1.20577906011746      C
      -13.07110672467789        6.68652755085973        1.30931507578668      H
        5.92209062564035        3.97693165282552        0.10570466536983      C
        7.94523481616602        3.75029660972717       -0.01366139707272      H
       -7.12089413971400        9.00852040066476        1.22147266866460      C
       -6.07639640131884       10.75439547041856        1.33014325918702      H
       -7.10759519211198        4.47125150373688        0.80087878175179      C
        2.52003917122705       -4.48948509316812       -0.55120967794784      N
       -0.66513767552157       -6.09911072036417       -2.19126367520253      H
        2.63525785174390       -4.13417179523032       -4.45036436088145      H
        5.30675819391405       -2.96514280597619       -2.88017693996100      H
       -0.45128455095755       -6.45316035844243        1.10080723053876      H
        3.09875702545315       -4.90222338858088        3.30260745169433      H
        5.59462754440937       -3.45189562656673        1.67840220950161      H
        3.95468919839351       -4.50885818745250       -2.92092850589322      C
        0.62795126689606       -6.51779088163057       -0.64820251691056      C
        4.21947384352308       -4.97238325040966        1.58233325764122      C
        1.95753460023236       -9.09062030803935       -1.01178223280789      C
        5.29171654087991       -7.09068667863933       -3.23006634597591      C
        5.52281776270118       -7.56522430956033        1.22351848616711      C
        4.68150791256791       -8.73858398417426       -1.11583678932570      N
        1.35323476756682       -9.99508442731221       -2.75491738865360      H
        4.70959396709508       -8.02175700791117       -4.96695822465110      H
        7.33274226485980       -6.86114013450079       -3.30157263766849      H
        5.08402978163314       -8.83542205456737        2.77811188710719      H
        7.56612911042880       -7.35934375054347        1.14656354713942      H
        1.52544588724871      -10.37075782348928        0.53618522142143      H
$end
