$coord
        1.02574352941659        2.55383635604805        0.00000000000000      C
        3.19765773191129        1.17562923568959        0.00000000000000      C
       -1.16203152238728        1.01412209169540        0.00000000000000      C
       -0.62052539911675       -1.49728896799186        0.00000000000000      C
        2.56166133398488       -1.98603866217830        0.00000000000000      S
        0.99209431015115        4.59056314206704        0.00000000000000      H
        5.11269919461498        1.84968433982063        0.00000000000000      H
       -3.07273833130632        1.71493571775106        0.00000000000000      H
       -1.93242089592660       -3.06790384496170        0.00000000000000      H
$end
