$coord
       -5.95831667544932        4.57564186458704       -3.50538489144195      H
       -5.95831667544932        4.57564186458704        3.50538489144195      H
       -7.08918264561675        3.29029550804721        2.35934385357599      C
       -7.08918264561675        3.29029550804721       -2.35934385357599      C
       -0.00878231319156       -0.26122666878213        2.13709410892244      C
       -0.00878231319156       -0.26122666878213       -2.13709410892244      C
       -2.31728251846680        0.92403582377294        2.25120937835512      C
       -2.31728251846680        0.92403582377294       -2.25120937835512      C
       -3.56985913427959        1.55704135216191        0.00000000000000      C
        1.16650998433001       -0.86533242657467        0.00000000000000      N
       -5.85845353147592        2.70701037475051        0.00000000000000      N
        0.95683239861095       -0.76642019278717       -3.86473483335455      H
        0.95683239861095       -0.76642019278717        3.86473483335455      H
       -3.12844859129580        1.33776471362023        4.06876138207055      H
       -3.12844859129580        1.33776471362023       -4.06876138207055      H
       -8.88348515984835        4.19370742781388        1.97261612648773      H
       -8.88348515984835        4.19370742781388       -1.97261612648773      H
       -7.45038848755633        1.59164752873686       -3.46907134731341      H
       -7.45038848755633        1.59164752873686        3.46907134731341      H
$end
