$coord
       -0.44661484873100       -4.66412167633095        1.80986100736083      Te
        1.93836257280763       -4.61022649828417       -1.22933884263094      C
        3.04977570224821       -6.87377767795918       -1.61265372433814      C
        2.42506418182020       -8.87721410370380        0.08637635759460      C
        0.76059378919974       -8.35726427530943        1.95146215430350      C
        4.36330562318325       -7.16984069195825       -3.14736531672109      H
        3.26111246750469      -10.72752923410483       -0.12799474090018      H
        0.13329806829631       -9.69137671524861        3.35216797595647      H
        2.21390580670989       -2.94028969490302       -2.35125658165307      H
$end
