$coord
        0.27665458183615        0.18575289709092        0.00000000000000      O
       -1.24077508719192        0.08276131151820       -2.06578472669205      C
       -3.67599163364404       -0.08385565191697       -1.34811209798820      C
       -3.67599163364404       -0.08385565191697        1.34811209798820      C
       -1.24077508719192        0.08276131151820        2.06578472669205      C
        5.56016253037593        1.12223011075052        0.00000000000000      Te
        9.99742088469269        0.76538802437791        0.00000000000000      Cl
       -0.29978142809448        0.14694623728616       -3.85805635225753      H
       -5.28297504577264       -0.19410491964390       -2.57925449523248      H
       -5.28297504577264       -0.19410491964390        2.57925449523248      H
       -0.29978142809448        0.14694623728616        3.85805635225753      H
        5.16480858147400       -1.97686479773371        0.00000000000000      H
$end
