$coord
        1.20514732467400        2.28807566737512        0.00000000000000      C
        2.78913503753733        0.26942184406677        0.00000000000000      C
       -1.40075325377869        1.61060941861653        0.00000000000000      C
       -1.84822452638936       -0.91178265060829        0.00000000000000      C
        1.04768702917568       -2.85470362077373        0.00000000000000      Se
        1.83124325846091        4.23458333772509        0.00000000000000      H
        4.82523783598997        0.38361478124317        0.00000000000000      H
       -2.90297270620230        2.99434606658824        0.00000000000000      H
       -3.60141585980724       -1.93222474235487        0.00000000000000      H
$end
