$coord
        0.59089940677063       -4.77422165569404        1.86708739462010      Se
        1.54313485761083       -5.13104730144937       -1.45903826561297      C
        2.27574312571323       -7.54497249262800       -1.88099105458199      C
        2.10334038780231       -9.07474906523650        0.32385578303169      C
        1.30476196966202       -8.07029065499719        2.41558512660649      N
        2.91922510676449       -8.24432649422500       -3.68168518948490      H
        2.61228086076725      -11.05631720232178        0.33549706287719      H
        1.48354574577795       -3.59036870985532       -2.77782880613372      H
$end
