$coord
        1.26356442836440        2.43323724730919        0.00000000000000      C
        3.00992005547168        0.56271111806011        0.00000000000000      C
       -1.32996071164338        1.67692028627468        0.00000000000000      C
       -1.82907971102083       -0.82728335797327        0.00000000000000      C
        1.35809400932367       -3.00876316513819        0.00000000000000      Te
        1.77228682693455        4.41565122580785        0.00000000000000      H
        5.02094354263403        0.89636116262310        0.00000000000000      H
       -2.83137400690223        3.06499291083933        0.00000000000000      H
       -3.64356771279780       -1.74179363926984        0.00000000000000      H
$end
