$coord
       -1.52282011279855       -0.32147567297773        0.68002342615043      N
       -3.53612109788629        0.55113635657420       -0.53307303146679      C
       -1.87385714948894       -2.12467615163972        2.38634463838979      C
       -5.95972622216568       -0.33055467317086       -0.10745511867907      C
       -3.19312597969183        2.02546893160418       -1.90497337985694      H
       -4.22065624515925       -3.12975571485620        2.94733856232046      C
       -0.20064223819941       -2.79201290145251        3.34972607185823      H
       -6.30620977478618       -2.21144708404915        1.67119536098015      C
       -7.52995937445834        0.44582758882748       -1.14710004038620      H
       -4.39913596434173       -4.59346160399698        4.35267742551316      H
        3.33681924242707        2.82120198911862        0.79423299291672      Se
        6.37911975504413        4.30635154545854        0.35411464465695      N
        7.54427953005810        3.20306423835383       -1.50426621478919      C
        6.33792542628091        1.17204858262866       -2.78585768551940      C
        4.02077424377977        0.64964456691625       -1.83491121686880      C
        9.40744158557214        3.88090729850167       -2.00883575122788      H
        7.18416802851728        0.16685185639246       -4.34126461355613      H
        2.69969052060679       -0.77251172494989       -2.42531457053172      H
       -8.16796417330999       -2.94660723831024        2.05739850009621      H
$end
