$coord
        6.63739920696230        0.83619058206167       -4.04133521990609      N
        3.41257666200959        0.25790264052892       -2.78099031794021      Se
        4.80766829631892        1.37989748037693        0.25063248618228      C
        3.62014342364745        1.45466260477141        1.89578024020589      H
        7.24086774910562        2.01147550965136        0.10078665313051      C
        8.34670637545118        2.69584209335400        1.66475630818311      H
        8.41605611169034        1.72668320020476       -2.39306998469470      C
        7.11519415880431        0.52736889315963       -5.85072228395487      H
       10.59733163946118        2.18930176153994       -2.95491258462794      O
        0.58699315389842       -1.43703920790581        3.30191562296011      H
        0.13085087296493       -3.85576090193395        1.07989816686029      H
       -0.69298600250226       -2.13984517221467        1.85403089887987      C
       -0.81980438888986       -0.26692154743129       -0.17098960071493      N
       -0.57749066608077        2.79186040055426        2.27664641480080      H
       -1.63883682465782       -2.92753631123318       -2.92733505540091      H
       -1.85339273836759        2.09257594087863        0.82347858339396      C
       -2.47564459127179       -1.20797208728509       -2.17170236419613      C
       -1.86971279112504        3.47042722580782       -0.70087315242859      H
       -2.49823645606424        0.18831215318149       -3.68099430561374      H
       -3.37629127480031       -2.59881637315672        2.92584387251597      C
       -3.46939354561766       -2.13028882720246        4.92489386598011      H
       -3.93033780960642       -4.56747390135859        2.72207413758031      H
       -4.53338645460485        1.60802521814111        1.89230087646524      C
       -5.14790384745360       -1.68276615404120       -1.08780100151345      C
       -5.20528216869328       -1.04142069734644        1.58653978799462      N
       -4.63266113786305        2.07387445525894        3.89167117850750      H
       -5.69446139762784       -3.65351636495348       -1.29158188583324      H
       -5.93857905299550        2.74802536850450        0.91764628180037      H
       -6.55738688003758       -0.54306835985775       -2.05658799656136      H
$end
