$coord
       -0.22291020393410       -1.47773143643772        1.17587357727751      C
        1.97937983423297       -1.63615379150608       -1.40736370473522      S
        1.12706818757477        1.40945959998004       -2.23472435250700      C
        2.03525298861440        2.25779696362555       -3.85943660821895      H
       -0.63569668736304        2.61432819005066       -0.82731170386514      C
       -1.32651630783604        4.50568514831665       -1.14419685414095      H
       -1.53837425955769        1.06296395311234        1.22167146785291      C
       -3.12493011022437        1.63477051198286        2.80327321251129      O
        0.80824228856899       -1.83772312934224        2.90951456010051      H
       -1.55117998864118       -3.02434584676181        0.97062191911492      H
$end
