$coord
        2.46916925573317       -7.94380391554445        4.59340604604892      C
        1.62479804927801       -5.56703281867460        3.92185104958075      C
        2.58071808811600       -9.79506523181608        2.75312460547917      C
        1.02295467160187       -6.77990723347218       -0.18604391491411      C
        1.84341744107355       -9.20611980185831        0.31682146650540      C
        0.92150680330036       -5.00143174245210        1.58080787071343      N
        0.42936013743231       -6.22009079788976       -2.05670780519766      H
        3.02613825199101       -8.32344063432269        6.51459403194555      H
        1.50705696233003       -4.05237821246054        5.28461872955584      H
        3.23300562599015      -11.67073878605601        3.21137393104162      H
        1.90080502197125      -10.59270823552468       -1.17291105363194      H
$end
