$coord
        2.74372510773531       -4.12202028933118       -0.47682438850440      N
       -0.77232804357057       -5.03474099998773       -1.95345128002228      H
        2.77048438555039       -3.74025252640220       -4.37450092766334      H
        5.69026696152164       -3.18497615783418       -2.89735870783128      H
       -0.48813175374368       -5.42727245394992        1.31844131913292      H
        3.44136191520288       -4.67127674635660        3.33852188566536      H
        6.07798679482532       -3.72348385266277        1.55934530625305      H
        4.03463519593125       -4.40732603736583       -2.89706712309025      C
        0.48265268181796       -5.70842722957924       -0.47148288864055      C
        4.42092923087391       -4.94382665407746        1.55200428717674      C
        1.23819409925092       -8.50212746748842       -0.87358939590359      C
        4.78268857359540       -7.20883367875889       -3.29198832470964      C
        5.16827585096745       -7.74348652126586        1.14124472398906      C
        3.97076623237133       -8.71285347326142       -1.13693936095934      N
        0.36645436727811       -9.27460139791582       -2.56742783325416      H
        3.90753939774855       -7.98130401870665       -4.98419951889430      H
        6.81840114360331       -7.41651646958080       -3.49416445360441      H
        4.57862139576773       -8.91123465415273        2.72710005318135      H
        7.20406382104773       -7.95054060020611        0.93914134955009      H
        0.65208930560368       -9.66997840147647        0.71337765916782      H
$end
