$coord
        0.63396305261632        1.86852509825571        0.00000000000000      C
        1.40877117275284       -0.55993038606774        0.00000000000000      C
       -2.05522361429939        2.23734143421698        0.00000000000000      C
       -3.60084459559977        0.35582031145703        0.00000000000000      N
       -1.61581107874716       -2.95713206796131        0.00000000000000      Te
        1.92651361206104        3.45117809755722        0.00000000000000      H
        3.31758164150582       -1.25842040488057        0.00000000000000      H
       -2.81731406658983        4.15279769180503        0.00000000000000      H
$end
