$coord
        0.00000000000000        0.00000000000000        1.97853172514824      S
       -1.33501742978026       -2.31231801896481        2.32066267158591      O
       -1.33501742978026        2.31231801896481        2.32066267158591      O
        2.67003504853312        0.00000000000000        2.32066267158591      O
        0.90541861993841       -1.56823117643624       -2.38820715245822      H
        0.00000000000000        0.00000000000000       -1.77589847150393      N
       -1.81083742884942        0.00000000000000       -2.38820715245822      H
        0.90541861993841        1.56823117643624       -2.38820715245822      H
$end
