$coord
        1.22774277994609        2.43352070622788        0.00000000000000      C
        2.90738616156635        0.49539283740492        0.00000000000000      C
       -1.34500557721194        1.65441327018523        0.00000000000000      C
       -1.70056019317585       -0.88193915078522        0.00000000000000      C
        1.30813475284924       -2.64567288830713        0.00000000000000      Se
        1.78704728872135        4.39710545362082        0.00000000000000      H
        4.93441449516856        0.66286509088410        0.00000000000000      H
       -2.89953019212108        2.97573831138432        0.00000000000000      H
       -3.40817416705707       -1.98251999213425        0.00000000000000      H
$end
