$coord
       -6.04300305097067        3.06240965522698        0.24352787184416      N
       -3.47057178985636        1.19685274979521        0.43428759830226      S
       -1.76399716534368        3.47587644006078       -1.09679401916790      C
        0.19836341746573        3.09555715220633       -1.44377834921144      H
       -3.11348744059457        5.53095246674983       -1.70367654052796      C
       -2.38667439559854        7.16395986425843       -2.66773147238721      H
       -5.74812980853968        5.37953249183625       -0.92651722314718      C
       -7.71868273204455        2.52524347697426        0.94794256000290      H
       -7.44320715033755        6.90310301487888       -1.18978763073309      O
$end
