$coord
        2.93006457581531       -4.12574701822154        0.00050474584789      S
        4.31725772184156        3.25445552928549       -0.00036263844331      C
        3.10199412630463        4.89092528299961       -0.00094278436357      H
        0.17602156343957       -2.17837101871730       -0.00001398397332      N
        3.21508497520515        0.87142471462783       -0.00003855041294      C
        6.90689569521100        3.44706416378392       -0.00028553761743      C
        7.80455698940783        5.27802377435352       -0.00040969262382      H
       -2.19300600268943       -3.27814362420283       -0.00062474345680      C
        4.68080039910685       -1.32815016504339        0.00020087788705      C
       -6.73046670681896       -2.22840265170230       -0.00110000957714      C
       -7.07488082036039       -4.23782497391926       -0.00180393255856      H
       -1.22813376428127        2.06734979786846        0.00040761392508      N
       -2.46517191806176       -5.55822952952306       -0.00118466930752      O
       -8.11058150570022        2.07896707819218        0.00079387394495      C
       -9.63316937115805        3.43803316263436        0.00174799666527      H
        7.30551282318492       -1.11832007842607        0.00023054658720      C
        8.43739641087045       -2.81134612251567        0.00048490372358      H
       -3.64251853685341        1.17757414181705        0.00016157158366      C
        0.54715564849269        0.36568411490971        0.00027571104158      C
       -8.66796737554115       -0.50558129580581       -0.00040666906202      C
      -10.60776047102512       -1.13270429574145       -0.00051135988932      H
        8.37375308060981        1.25566726288961       -0.00011092692352      C
       10.40841156138540        1.41180097064845       -0.00038040186889      H
       -5.65777501053491        2.90781116097178        0.00095941395347      C
       -5.20302092241256        4.89479997744553        0.00153823706544      H
       -4.22324460303214       -1.41759505991914       -0.00061038153825      C
$end
