$coord
       -6.55752520798991        6.49554937206163       -0.50794175270808      C
       -4.26663101409992        5.30821347200262       -0.95683825676194      C
       -3.93045005933823        2.79293697752745       -0.29334955625672      C
       -5.86224904639722        1.43227634218132        0.83357520110520      C
       -8.13654520881683        2.63546515469977        1.27137617821835      C
       -8.49364221924365        5.15534880146676        0.60705410849217      C
       -6.76254480778439        8.45014166871795       -1.05113804702446      H
       -5.59355758147761       -0.51457091195325        1.35658147253352      H
       -9.65997003397525        1.59828367996869        2.14427998148392      H
      -10.28698531952179        6.05295245901680        0.96697588153008      H
       -0.11502536153430        4.90503492310909       -2.28055682507048      N
       -2.08471864862508        6.55657089629697       -2.14425220250989      C
       -2.00942345605264        8.72920111602029       -2.90305812182313      O
        2.23564332632140        5.54373910959947       -3.51329018273908      C
        2.33795461048925        7.59786687171919       -3.50919779184360      H
        2.20473912322458        4.93119610260572       -5.48140176906355      H
        4.45783463722469        4.37844138457840       -2.18802279489880      C
        6.06653165300310        2.74478959046131       -3.45200655349025      C
        4.88739792021539        4.87077834586720        0.35558825308893      C
        8.07714847110343        1.62075290153565       -2.20677530312386      C
        5.73397840548284        2.34156852272997       -5.42516994466367      H
        6.88755434832551        3.75274210430505        1.60334720111961      C
        3.61989454671684        6.11899007227734        1.35528058506934      H
        8.48865315330204        2.12016178490062        0.32414472215614      C
        9.31517892007196        0.35296134480309       -3.21496989088416      H
        7.20165630996497        4.15051868209874        3.57798873606771      H
       10.05025346973960        1.24564377757939        1.29996697859341      H
       -0.65441385770957        1.63614226417672       -1.05897096181101      Se
$end
