$coord
       -0.45783207403413        0.12566678728726        0.11219341796394      S
        2.59662939311269        6.91355792466334        0.57021899995323      C
        1.81113449379621        8.78368286505616        0.76394389567347      H
       -2.65669755051817        2.49771980494177        0.41339157373404      N
        0.97137743161954        4.85875496339930        0.46249478427402      C
        5.16044369207135        6.49971829686515        0.42590722985740      C
        6.45600364036953        8.06947637201009        0.50797274421652      H
       -5.19833364573306        1.87076234501465        0.46543141867168      C
        1.90790793555586        2.40778906147937        0.21055404069566      C
       -9.42142404711343        3.78197522258986        0.81143120140428      C
      -10.17703311674165        1.89404811724006        0.67960296208770      H
       -3.15532881158285        6.89752435438639        0.81468946718835      N
       -5.85262221460056       -0.32262897283159        0.30116187302851      O
       -9.88817695126406        8.26435400066634        1.21982407159348      C
      -11.10118723736999        9.89219583181328        1.41162711584498      H
        4.49348696618223        1.99187810487599        0.06498068943904      C
        5.22343431092855        0.10550114186621       -0.12867901072990      H
       -5.71084664593659        6.49854477694176        0.88945440261022      C
       -1.75031309155747        4.92135705456527        0.58414136820376      C
      -10.95749567538827        5.85446583140774        1.05641265058350      C
      -12.98150573842423        5.63141465390474        1.12325717689925      H
        6.09044575916495        4.04873746610884        0.17478927303371      C
        8.10373408308766        3.74687979592125        0.06398159123695      H
       -7.31917610998376        8.58737225707960        1.13934895074084      C
       -6.47154644877193       10.43547243948997        1.26558756915341      H
       -6.80375519921966        4.07885894464484        0.72609778365786      C
$end
