$coord
        6.70687631074226        0.79039609299330       -4.01795911877193      N
        3.81568415720084        0.38237058556272       -2.71299343663367      S
        5.03161671578589        1.36760178837447        0.11539366915599      C
        3.77968336274592        1.44233063002736        1.71037032840659      H
        7.49110093615777        1.96249909973435        0.03679391250942      C
        8.58777854819640        2.61752201617388        1.61577404011511      H
        8.61327794560419        1.64123054073988       -2.45630154363279      C
        7.03366910611683        0.42743167192214       -5.84956312595003      H
       10.77199467878976        2.01334747235041       -3.14251174414261      O
        0.50123322496568       -1.09325550699955        3.50640515457664      H
        0.65763829739601       -3.57107536201340        1.31568250796359      H
       -0.48042412779919       -1.97218073358862        1.92559728386321      C
       -0.56502697742584       -0.13458723945853       -0.12942526357652      N
       -0.39509052108016        3.10329973808413        2.09025497925238      H
       -1.28297134874641       -2.97298309069463       -2.70649844794335      H
       -1.70190284358739        2.20842390019498        0.77723736306973      C
       -2.08092105500504       -1.14757303883519       -2.19841232015935      C
       -1.89278596916143        3.46636658231124       -0.83671554797909      H
       -1.85353465679955        0.08809279583359       -3.82605780876195      H
       -3.16517560750041       -2.80012965310298        2.69920750660934      C
       -3.38579848693327       -2.74365027458078        4.74237391234320      H
       -3.53419735669143       -4.73442477939998        2.10344677938313      H
       -4.27923681015942        1.70023308158368        2.03912768306032      C
       -4.87775672650019       -1.39175362208280       -1.42458704658024      C
       -5.03902217452305       -1.01369085619376        1.42954549895863      C
       -4.16059848124746        1.94850624469937        4.07815067529334      H
       -5.62135469688033       -3.23485075457823       -1.95027011506409      H
       -5.69890187607548        3.01816171801899        1.35082536675793      H
       -6.02996431865602        0.02054094502940       -2.37905275219272      H
       -6.94588924892948       -1.38820018107806        2.09416161006980      H
$end
