$coord
        2.40820763581598        0.01469791185207        0.00000000000000      O
        3.32026221801360       -1.15249369669109       -2.20518661037089      C
        3.32026221801360       -1.15249369669109        2.20518661037089      C
        2.53019229174941       -0.15277150703792       -3.80989554813590      H
        5.37983957233150       -1.06062428319744       -2.29318019558294      H
        2.74033248242378       -3.13173293530039       -2.29312709427884      H
        2.53019229174941       -0.15277150703792        3.80989554813590      H
        2.74033248242378       -3.13173293530039        2.29312709427884      H
        5.37983957233150       -1.06062428319744        2.29318019558294      H
$end
