$coord
        0.31773250347008       -0.10721493448863        0.00000000000000      O
       -1.20169838552396       -0.06569973022945       -2.05856653981384      C
       -3.64664607665481       -0.00488116257989       -1.34731293281010      C
       -3.64664607665481       -0.00488116257989        1.34731293281010      C
       -1.20169838552396       -0.06569973022945        2.05856653981384      C
       -0.26421923907308       -0.08079146100590       -3.85384642039710      H
       -5.25562088217354        0.03737859377238       -2.58031765515019      H
       -5.25562088217354        0.03737859377238        2.58031765515019      H
       -0.26421923907308       -0.08079146100590        3.85384642039710      H
$end
