$coord
        4.58080686403085        1.36697175368453        0.00000000000000      Se
       -2.37053594552167       -0.32011544811323        0.00000000000000      Se
        4.38735125428337       -1.06893548766614       -2.73801114285230      C
        4.38735125428337       -1.06893548766614        2.73801114285230      C
        4.46121365650812       -0.01321202020028       -4.49174293794181      H
        5.97868773410012       -2.35541265631894       -2.64571313947358      H
        2.61455363437733       -2.08984434176550       -2.63219120418886      H
        4.46121365650812       -0.01321202020028        4.49174293794181      H
        2.61455363437733       -2.08984434176550        2.63219120418886      H
        5.97868773410012       -2.35541265631894        2.64571313947358      H
       -2.80809503769087        3.32106572956179        0.00000000000000      C
       -5.94460482268908       -1.17360307133878        0.00000000000000      C
       -0.92457099421143        4.12334026302922        0.00000000000000      H
       -3.81774490353974        3.90916871961320       -1.68265371533678      H
       -3.81774490353974        3.90916871961320        1.68265371533678      H
       -6.08088809134445       -3.21757450040172        0.00000000000000      H
       -6.85011717304326       -0.43180638790063        1.68130785239083      H
       -6.85011717304326       -0.43180638790063       -1.68130785239083      H
$end
