$coord
       -0.45397778863035       -1.73504788392278       -0.52081418912377      S
       -3.04199475493009       -6.98768696724428       -4.70944127722421      O
       -2.50727917351578       -4.05776487677877       -1.52397738107726      N
        1.49781109932010       -2.33389566774618       -3.07619293963473      C
        3.76651801878092       -1.15364491784621       -3.66178977489968      C
        4.51239915626482        0.30937934708142       -2.46547503013215      H
        0.54992957747102       -4.23784689474231       -4.60956698386667      C
       -1.83940933196323       -5.30163873686984       -3.72641141637503      C
        5.03269442659476       -1.92030359407031       -5.80723099308718      C
        6.79831429976166       -1.02105587479185       -6.28880029491789      H
       -4.68493190733311       -4.53321732411670       -0.07285404436465      C
        4.08810745327135       -3.82961124976668       -7.35705812679574      C
        5.12450525857855       -4.38802437472896       -9.01961195918061      H
        1.84156872200584       -4.99845088846313       -6.75754383656819      C
        1.05206098926373       -6.48895158227013       -7.90238414245457      H
       -4.63781385408705       -4.08258378380908        2.51498623254243      C
       -2.91693891609892       -3.44691941076277        3.40265975725281      H
       -6.89579903443461       -5.39986537801933       -1.19870864982220      C
       -6.93298695484102       -5.76331999404721       -3.19536095877942      H
       -9.01308616795446       -5.81127236137729        0.27288665691626      C
      -10.71749497735571       -6.48841867950299       -0.61716962346465      H
       -6.77701311791232       -4.48217676635376        3.95828742590740      C
       -6.71009451433249       -4.12535433313284        5.96414100033801      H
       -8.97551142061034       -5.35442124417445        2.84789909494420      C
      -10.64132484158757       -5.67711938098220        3.97612455079769      H
        2.25757076340843        2.62257589972157        1.23224297373926      N
        0.66914975305675        1.14294434366555        4.50201265456606      H
        5.08957556089106        1.53565248702040        3.68922595261259      H
        6.15260905592478        2.44986041213702        0.69274619625705      H
       -1.41614998635165        2.79330906460139        2.53383454988201      H
       -0.05726172513780        4.17476708081203       -1.52532777936592      H
        3.19225292622226        4.55109073174858       -2.03675286423951      H
        4.82530926763748        2.91951895917686        2.19241300663152      C
        0.47861679373361        2.82307130620110        3.33131163563687      C
        1.72342474544808        4.61737155276136       -0.59807431892059      C
        0.93491365426409        5.25248072427225        4.87026944262184      C
        5.27571982026239        5.62903454385078        3.16788774243447      C
        1.64201080865673        7.23042115411610        0.68798011799814      C
        2.71272244990740        6.93694460826381        3.34909679305873      C
        1.78077868922076        4.81880426339870        6.69538318542493      H
        6.20192127017414        5.59768171977198        5.00324455672345      H
        6.50159989716744        6.67521924075739        1.88833963256281      H
       -0.28737405327805        7.93803722730256        0.78880229797979      H
        2.73534190470127        8.60435239117238       -0.38184240711089      H
       -0.83892652754490        6.22364593964800        5.24065047181429      H
        2.90794249693744        8.77242897906621        4.24996325173554      H
$end
