$coord
       -0.37691135576131       -0.11239694146756        0.18908788575565      Se
        0.39984582790015        6.88464794954584       -2.34501368242777      O
       -1.29841664728077        3.18919931777749       -0.81269089283896      N
        2.95430201411708        0.87250355927238       -0.61734914744649      C
        5.14682235719248       -0.54907296461873       -0.42568405320209      C
        5.09444632997727       -2.46700967671795        0.24362519273958      H
        3.04491627151875        3.34422772472603       -1.48507944750069      C
        0.63336079690040        4.71410625513545       -1.62843463823223      C
        7.41093213990993        0.55144116939810       -1.11829173253420      C
        9.12654343475054       -0.54204091576379       -0.97833332451166      H
       -3.85889633551992        3.88448152649377       -0.73937499940944      C
        7.51611864237639        3.03010592096227       -1.98633988452256      C
        9.30663773593390        3.84771558193099       -2.51242716542447      H
        5.32815064953521        4.43007739504320       -2.16906071604652      C
        5.32046173187935        6.35890157523681       -2.82967136366395      H
       -4.87482217080127        5.55133977704530       -2.50192425659644      C
       -3.67010249114927        6.37650078360801       -3.91236821491480      H
       -5.42568262736128        2.84173537524353        1.09485005790351      C
       -4.64124975412683        1.58463475508839        2.49578359155449      H
       -7.96696269817429        3.43951640866957        1.16094474089301      C
       -9.15241529717750        2.61281338558917        2.59872415452184      H
       -7.41435292214072        6.14876705374082       -2.40258891312964      C
       -8.17875394256374        7.44634825310189       -3.77694193705694      H
       -8.97665432697051        5.10110043360728       -0.58449984924960      C
      -10.95719955530454        5.57728836235292       -0.52818903429771      H
        1.79468631760752       -7.85215711178829        4.70953047229730      C
        1.62670081451290       -5.38444634667810        3.86937184331915      C
        1.54438434452443       -9.78192048586583        2.96661792618907      C
        0.99396835154893       -6.64841385362487       -0.20191175620993      C
        1.13535860505610       -9.17155349850459        0.45984916769955      C
        1.23960685850168       -4.79083934031611        1.46422140642758      N
        0.66824665294179       -6.08357263627709       -2.13688397137738      H
        2.11153159466209       -8.24175835642165        6.68317649952294      H
        1.80604073702730       -3.81681118986157        5.16551023678407      H
        1.66343161016976      -11.73039252652235        3.55310066506123      H
        0.92592649476062      -10.61506615222291       -0.96133486007547      H
$end
