$coord
        0.85810214544926       -3.48000209013605        0.10414639720747      Se
        0.25869972700829        4.20909924709891       -0.20261057693082      O
       -0.76946132903953       -0.03539967257468       -0.09245976393498      N
        3.85792974060718       -1.53916888939309        0.05419942395285      C
        6.30678179488411       -2.48301641288394        0.11603863268232      C
        6.60243889571160       -4.49465387206418        0.20312325962843      H
        3.46120026005914        1.05792651018194       -0.05541640757711      C
        0.83285672723262        1.96162736907306       -0.11413926895446      C
        8.31002414575572       -0.81137942290847        0.06781452273552      C
       10.21293904694511       -1.54882085454720        0.11771255208351      H
       -3.38696123541775        0.14993105970000       -0.06992969318680      C
        7.92289522981120        1.78726989845883       -0.04322654023763      C
        9.51592811677002        3.06093907035680       -0.08016652857649      H
        5.49028631643845        2.71528510750500       -0.10499734088139      C
        5.08556045979408        4.71255989224767       -0.19240265435084      H
       -4.82489900809582       -1.87578334732777       -0.96324858572188      C
       -3.87384576991918       -3.50531043623264       -1.73224069576466      H
       -4.66351696397107        2.26242528084997        0.87424645367712      C
       -3.58461827325810        3.84562705661806        1.54456708104068      H
       -7.27356719202082        2.31393959295235        0.91343162562463      C
       -8.21600063345262        3.96722091718893        1.65215013417838      H
       -7.43281025514511       -1.80304646598284       -0.90197346024061      C
       -8.48941868135513       -3.40060468009229       -1.60554948794524      H
       -8.68545131061875        0.29339585454677        0.03386597085194      C
      -10.72357687191519        0.35308927926173        0.07474263665360      H
        3.20848472876969       -7.71314980292427        0.40232212501385      Cl
$eht charge=-1 unpaired=0
$end
