$coord
        3.79881324927807        0.60625135283443        0.00000000000000      O
        4.12553102252549       -0.84058835269889       -2.19719892701473      C
        4.12553102252549       -0.84058835269889        2.19719892701473      C
        3.81870923078113        0.39297950802634       -3.80522225542972      H
        6.03670875119479       -1.62000683766165       -2.29843987030560      H
        2.76775845561562       -2.39358569095411       -2.27476878292338      H
        3.81870923078113        0.39297950802634        3.80522225542972      H
        2.76775845561562       -2.39358569095411        2.27476878292338      H
        6.03670875119479       -1.62000683766165        2.29843987030560      H
$end
