$coord
        0.22569225873477        1.69855519375763       -3.66605753237952      C
       -0.10559222666542       -2.57653574625699       -3.53897949762239      C
        0.12361548957898       -2.77387455421796       -6.13579049341566      C
        0.41863575270248       -0.58457392651369       -7.52884708166139      C
        0.47137271760749        1.70235807861081       -6.26894059615642      C
        0.25927212505144        3.45218551055425       -2.61771949255391      H
       -0.33635821107218       -4.25331808252458       -2.39403317810042      H
        0.07161230532817       -4.60168531414611       -7.03365209858171      H
        0.60414279642458       -0.65964518654036       -9.55764249816273      H
        0.69792026638626        3.45956753668747       -7.27437297124036      H
       -0.05804426072600       -0.39143692459082       -2.31076712073434      N
        1.69122286742149       -1.33663163383591        2.93978098063027      H
       -0.83260255906886        2.41223558705060        3.09659385595830      S
       -0.27970176521210        1.38270315675415        7.90870206380702      C
        0.17153762129107       -1.04681133008953        6.71414004002007      C
       -0.06693239858054       -0.81330921122693        3.85303667275270      C
       -0.79726335773017        3.22529233086729        6.25146062950368      C
        0.66991131268497       -3.02416292127295        7.74180938933026      O
       -0.19654890244087        1.62168699315905        9.92643218898565      H
       -1.19137008738985        5.16380324717570        6.73798876165801      H
       -1.54052155535309       -2.05640261442854        3.15685835590812      H
$end
