$coord
       -3.97452754324977       -0.46868647192134        0.00000000000000      Se
       -3.69404588806605        3.60107230759778        0.00000000000000      Cl
       -8.07796369895359       -0.84140301363121        0.00000000000000      Cl
        1.54388205532050       -0.29737542879261       -1.13603758365267      C
        1.54388205532050       -0.29737542879261        1.13603758365267      C
        1.57675081769648       -0.22962477880010       -3.87526967855409      C
        3.49931981544498       -0.03810065812460       -4.57461801097272      H
        0.77382659638740       -1.94526801001222       -4.66950966345747      H
        0.47948928028534        1.36487737022061       -4.56781443000625      H
        1.57675081769648       -0.22962477880010        3.87526967855409      C
        0.77382659638740       -1.94526801001222        4.66950966345747      H
        3.49931981544498       -0.03810065812460        4.57461801097272      H
        0.47948928028534        1.36487737022061        4.56781443000625      H
$end
