$coord
        4.67219250763660        1.57258283775601        0.00000000000000      Te
        4.58110185027890       -1.18624155966024       -2.94666600879271      C
        4.58110185027890       -1.18624155966024        2.94666600879271      C
        4.58559316235929       -0.18360465643245       -4.73225461791847      H
        6.23488773139076       -2.38425308951506       -2.81691117698006      H
        2.85875273694096       -2.28105835838395       -2.78065470258048      H
        4.58559316235929       -0.18360465643245        4.73225461791847      H
        2.85875273694096       -2.28105835838395        2.78065470258048      H
        6.23488773139076       -2.38425308951506        2.81691117698006      H
$end
