$coord
        2.16346410315585        1.49218349492098       -4.15914112446016      Te
       -0.45761192094061        1.00319664010590       -6.20098755649597      O
        2.44483770907039        4.39611599302197       -2.49117776207095      O
        4.87041684125956       -0.49645146197994       -4.40961544056581      O
        0.73188261327055       -1.46829319930830       -0.16773454746527      S
        2.80848091976552       -0.66218875790410        1.07901018455433      H
       -1.42087467960842        0.20480870635898        1.20502846090076      O
       -2.55922661084592       -0.93453533109394        3.38674807431089      C
       -4.10297959787211        0.30911950973929        3.89364272977332      H
       -1.20410703044240       -1.03847990555130        4.92641830804485      H
       -3.27428215783978       -2.80547587728215        2.93780867347400      H
$end
