$coord
        3.24441257979620       -5.04936143306869       -0.00105862457501      Te
        4.13141128330748        3.07088715559464        0.00019237411949      C
        2.76829457091718        4.58622376396707        0.00002399952178      H
        0.02574940817408       -2.43513585514659       -0.00004081808429      N
        3.22808950347695        0.60235568242853        0.00004384164609      C
        6.69327236134373        3.52329023544534        0.00020881473677      C
        7.39910358820548        5.43714835164980        0.00021240521641      H
       -2.38502787722616       -3.36914244087087        0.00018613802328      C
        4.90829810218109       -1.43859898784908       -0.00044654228325      C
       -6.88846236172839       -2.09557342445751       -0.00007521109976      C
       -7.34657808365382       -4.08252841483363        0.00028780528878      H
       -1.15164464274330        1.87241113105838        0.00083563689231      N
       -2.78740763888681       -5.64702020121447        0.00071696209168      O
       -8.02373479527320        2.28373288776813       -0.00012661165035      C
       -9.46694754945554        3.72743281334539       -0.00045806961261      H
        7.49046901174169       -0.96345399895162       -0.00012623370512      C
        8.79660008798100       -2.52628018072622        0.00020843679155      H
       -3.61321776637333        1.12808221461324        0.00027703384987      C
        0.52669993011151        0.06100848512508        0.00034298529162      C
       -8.72686881603728       -0.26505355315710       -0.00015779213141      C
      -10.69978162952658       -0.78062526406595       -0.00040572419896      H
        8.36424057724369        1.49510009822172        0.00019879918831      C
       10.37672841318001        1.83662274181987        0.00079066141054      H
       -5.52690127188387        2.97159300815736        0.00018953953030      C
       -4.96105963352571        4.93029942755959        0.00041838536399      H
       -4.34081958305378       -1.42897574653206       -0.00007880157940      C
        7.96508223170768       -7.44443830690774       -0.00215939004260      Br
$eht charge=-1 unpaired=0
$end
