$coord
        3.44865474626301       -0.78418116171464        0.00000000000000      Se
        3.32431700335920        3.59170947054074        0.00000000000000      Br
        7.78341832400522       -1.48766024646908        0.00000000000000      Br
       -2.42305124555226       -0.22236445102931        1.25126061053960      C
       -2.94194150450855       -1.87826739231858        2.32281072327177      H
       -1.91320219226660        1.44069771768308        2.31658331980069      H
       -2.42305124555226       -0.22236445102931       -1.25126061053960      C
       -1.91320219226660        1.44069771768308       -2.31658331980069      H
       -2.94194150450855       -1.87826739231858       -2.32281072327177      H
$end
