$coord
       -6.03179603018861        6.54774493043193        0.52115774133322      C
       -3.94020350278523        5.21891918829899       -0.32994863800269      C
       -3.56953939261931        2.72409444378014        0.40489706583126      C
       -5.29142703483762        1.56634636359954        2.00213667211610      C
       -7.37076242065149        2.90561416537930        2.84318857463336      C
       -7.74877832133264        5.39607137487893        2.10779031488057      C
       -6.25290948252343        8.47644098719430       -0.10290295741747      H
       -5.03135593358069       -0.36052799717869        2.59360129597060      H
       -8.71091140172315        1.99770110695639        4.08405682532322      H
       -9.37967281606129        6.41978363768416        2.77489349454435      H
       -0.15973741547849        4.83144369658322       -2.61350842685780      N
       -2.08705907443042        6.41642616127855       -2.05089973195364      C
       -2.29959298118684        8.57036075353315       -2.85524653908934      O
        1.74869076167948        5.59278562835570       -4.40936561877214      C
        1.65867403567841        7.64578409014335       -4.52724408880938      H
        1.30796240982668        4.85958077371576       -6.28642339739835      H
        4.34534850068404        4.73333327359040       -3.65315145883881      C
        5.90079964831209        3.49900404220956       -5.36141927795915      C
        5.23385142619052        5.17248370412915       -1.22057051341271      C
        8.30502147378601        2.72999511360427       -4.66891213205687      C
        5.21801703304710        3.13487781751698       -7.25054938295988      H
        7.62976658253845        4.40724270044374       -0.52259884647586      C
        4.01777940581747        6.10773127299946        0.12456280928526      H
        9.17495009224099        3.18283660991589       -2.24691176320251      C
        9.49330790608570        1.77248430331458       -6.02105936223897      H
        8.29663052287486        4.76464112218744        1.37076348915358      H
       11.04583697020725        2.58453136646287       -1.70123369156666      H
       -0.26087782533953        1.20139602934402       -1.11453117754620      Te
        3.42218950983293       -7.01782148489054        2.35802633652191      H
        2.86539285659765       -3.26157677321351        0.08978391174252      H
        1.82252160547795       -7.13281850053297        1.06964111140107      C
        1.27157516637927       -4.54436765311502       -0.12585916140675      C
        2.30865894226971       -8.50331780597432       -0.38231786220385      H
        0.88792221266838       -4.70982300190139       -2.13845093227992      H
        0.53714539126535       -6.55737138428336        6.19868284651438      H
        1.17738346845108       -2.64830773344269        4.22525035834082      H
       -0.53716561133488       -7.95376787448174        2.50544613917490      C
       -0.88211886373967       -6.18830938392589        4.75882019880577      C
       -0.36245627371625       -9.90074835430809        3.13313133263261      H
       -0.66199487200371       -3.45515389235081        3.79285021849183      C
       -0.95703951259421       -3.36975962542317        1.03780791894139      N
       -2.80527292069636       -7.65366897239833        0.75140518489139      C
       -2.72142709535524       -6.51164039001277        5.62282320305177      H
       -3.20418352313744       -4.81066729167869        0.28855040779063      C
       -2.45274054372356       -8.64198439721807       -1.01821637231700      H
       -2.07030362877386       -2.23637370546856        4.65447991569792      H
       -3.59944714313061       -4.40187209879757       -1.68500472360842      H
       -4.48871068340225       -8.48622580009497        1.58615333900214      H
       -4.79194105064677       -4.11355034786801        1.38642478338398      H
$end
