$coord
        3.73068370919758        0.53701802372455        0.00000000000000      O
        4.20996020632129       -0.86576215029541       -2.19801528870057      C
        4.20996020632129       -0.86576215029541        2.19801528870057      C
        3.76774256130967        0.32652691090884       -3.80536644153303      H
        6.19340087302345       -1.43538380782065       -2.30080731919452      H
        3.02758011302410       -2.55687125620419       -2.27491221313624      H
        3.76774256130967        0.32652691090884        3.80536644153303      H
        3.02758011302410       -2.55687125620419        2.27491221313624      H
        6.19340087302345       -1.43538380782065        2.30080731919452      H
$end
