$coord
        0.94540579165321        1.24682145490026       -0.40349715671814      N
       -0.66772905695626        0.95231349652915       -2.30396448463093      C
        0.13233468591798        0.53940172425815        1.86393419760856      C
       -3.06842257478291       -0.01640962577575       -2.05892955620238      C
        0.00031463939975        1.52930130648816       -4.14709430938831      H
       -2.22363619549817       -0.45295601371477        2.33863132141448      C
        1.45255990651255        0.78358117367008        3.40531520040313      H
       -3.93047292502434       -0.76179017480924        0.33429689781544      C
       -4.24413080102451       -0.18288863920383       -3.70941597550065      H
       -2.71639192009619       -0.97202220617327        4.24175617117631      H
       -6.28200899717123       -1.72478704901132        0.69042580154862      N
       -7.98500996060964       -1.96555516482308       -1.41955810741740      C
       -9.75256661408165       -2.76362770327981       -0.76712732830301      H
       -8.38564682786556       -0.13981346602878       -2.28897083064035      H
       -7.21913835531644       -3.20924893401448       -2.87282571636362      H
       -7.10046487749857       -2.42008361964615        3.19191220860199      C
       -9.01432639521005       -3.13758333840960        3.09607077976700      H
       -5.90484952036976       -3.89145291514011        3.99878444573063      H
       -7.08174751817943       -0.80765647347035        4.47610280864401      H
$end
