$coord
        0.11410846641863        0.80740457297794       -3.24432508547663      Te
       -2.10375442679621       -1.09373417462692       -4.88871335857074      O
       -0.56081704556541        4.01525605452327       -2.53578040087253      O
        3.30845199665256       -0.28176043285226       -2.92283977489566      O
        0.91466712856491       -1.62784296498262        1.53627628561413      Se
        2.33844008113066        0.67289197770133        2.14489433144704      H
       -1.23823510630782       -1.24714214142361        4.15712610949347      N
       -2.77286109409732       -1.24507308028976        5.75336189326091      C
$end
