$coord
        2.99901369011605       -0.82654031766107        0.00000000000000      Se
        2.81402386443425        2.46302178767717        0.00000000000000      F
        6.32483926184053       -0.73759827890708        0.00000000000000      F
       -2.00152232215299       -0.15597837227140        1.26027082470179      C
       -2.44045127678992       -1.83530919319065        2.33013964810088      H
       -1.62696462027989        1.54184606439384        2.32381775832358      H
       -2.00152232215299       -0.15597837227140       -1.26027082470179      C
       -1.62696462027989        1.54184606439384       -2.32381775832358      H
       -2.44045127678992       -1.83530919319065       -2.33013964810088      H
$end
