$coord
       -0.10723742222951       -4.86777046879464        1.80747617299156      Se
        1.51639655575574       -4.86308659362215       -1.28709643190384      C
        2.85250114497549       -7.01115774365729       -1.66003633924165      C
        2.73397563271317       -8.77711701163617        0.36152218209285      C
        1.29495070059560       -8.03313145842787        2.34180965178348      C
        3.91928725814748       -7.35430857528442       -3.36193823796598      H
        3.71033003602713      -10.56516887876537        0.32155390763929      H
        0.94460303599547       -9.06194295820778        4.05707739441463      H
        1.30297844614560       -3.27882562636121       -2.53554796455920      H
$end
