$coord
       -0.09756145755362       -5.16173777652149        1.51028707119484      Se
        1.95739702817049       -5.11706446196285       -1.29682682069213      C
        2.99256594457884       -7.43071417092768       -1.63645539179557      C
        2.21277915199439       -9.19314154077964        0.23966319294670      C
        0.66724056275304       -8.45883894423391        1.99790765402181      N
        4.26618598359757       -7.90012157336557       -3.15417437789332      H
        2.85685601882968      -11.13510404185468        0.26489065876516      H
        2.21333662120115       -3.45208195356262       -2.42848364124270      H
$end
