$coord
        3.58032311474945        0.38677856072101        0.00000000000000      O
        4.31071662383380       -0.90036001207541       -2.20145345641170      C
        4.31071662383380       -0.90036001207541        2.20145345641170      C
        3.65317337966186        0.19198956022000       -3.80569034059079      H
        6.36415784845244       -1.09556437437861       -2.30267814805790      H
        3.45899797323351       -2.78018529461113       -2.28145085450004      H
        3.65317337966186        0.19198956022000        3.80569034059079      H
        3.45899797323351       -2.78018529461113        2.28145085450004      H
        6.36415784845244       -1.09556437437861        2.30267814805790      H
$end
