$coord
        0.57930102370816        0.04748692778559        0.00000000000000      S
       -1.64814920602734       -0.00376546827592       -2.32288706820720      C
       -4.01932501281480       -0.05752458604173       -1.33729020339034      C
       -4.01932501281480       -0.05752458604173        1.33729020339034      C
       -1.64814920602734       -0.00376546827592        2.32288706820720      C
        6.92467801804367        1.06303670756813        0.00000000000000      S
       11.03557027714480        0.58531696682589        0.00000000000000      Br
       -1.09423759766652        0.01215585226923       -4.27498870583127      H
       -5.70373144913217       -0.09488919584079       -2.47787068864660      H
       -5.70373144913217       -0.09488919584079        2.47787068864660      H
       -1.09423759766652        0.01215585226923        4.27498870583127      H
        6.39133740135764       -1.40779399537380        0.00000000000000      H
$end
