$coord
       -1.46109523249962        1.85500561961495       -2.60195596414016      C
       -1.53875579526225        4.77656604992424       -2.43878113684099      C
        0.00350090661847        1.21734985317852       -3.90052001005865      H
       -3.25242029424928        1.08600746244857       -3.25708451627006      H
       -0.20411272022728        5.63729926105681       -3.74539976242045      H
       -3.40902227614180        5.50142190557300       -2.89269013944040      H
        1.55291532414142        1.68670925657283        0.71894290260482      C
        1.91520019969816        0.88760757326863        2.57890640768033      H
        2.97810897280766        0.93008748271443       -0.55834849632882      H
        1.58667887183740        4.61051940583348        0.77099559768010      C
        2.09006033746154        5.32149541206952        2.63380257365533      H
        2.94641902158822        5.37038810711921       -0.57188781709388      H
       -2.76083468806762        4.57097575284013        1.87115351832245      C
       -2.24437253820886        5.17807767140325        3.76689067277269      H
       -4.59081409769639        5.39937140361035        1.43030611372379      H
       -2.83287218177383        1.65310746943312        1.66740211373020      C
       -2.46296830842784        0.75619601856253        3.48177503118617      H
       -4.66303886326155        0.98665662322755        1.00710742832081      H
       -0.91829578066941        0.79951005311973       -0.11813925224245      N
       -0.90206605682072        5.58815693318606        0.11270439990804      N
$end
