$coord
        0.76490028606514        5.15524826803693        0.52237415803964      C
       -0.13882211570380        4.16433428082323       -2.89074466639511      Se
        0.29452383207056        7.57666319973788       -3.76627386616562      C
       -0.01300887464189        8.13924638333936       -5.69973014303590      H
        0.96922163205658        9.14658794872700       -1.90722744517839      C
        1.27685902959632       11.14568783096084       -2.14521275029904      H
        1.27841181755293        7.98429205365490        0.56717937548178      C
        1.86965269783427        9.06209016787289        2.49335472656651      O
        2.43420686578373        4.12416852998964        1.11225386859342      H
       -0.77094948836266        4.69675989211972        1.79762087330644      H
$end
