$coord
        3.72601400697103       -6.92752073305294       -2.41659083885002      C
        4.37646699872339       -6.64771559982183        1.84930167028040      C
        6.12687457658709       -8.58310941288768        1.79971204423595      C
        6.67192450325912       -9.71492610426840       -0.49119103136683      C
        5.44949317653150       -8.87480848234716       -2.64180065050517      C
        2.72007083891560       -6.20286254275682       -4.03786076945337      H
        3.88237070241257       -5.70261707763648        3.58954781282679      H
        7.03444030334829       -9.18200916417950        3.52102993402769      H
        8.02870099552870      -11.23192094731520       -0.59851764866942      H
        5.81676314960499       -9.70631027594842       -4.46362230142656      H
        3.20737243597274       -5.83668313062984       -0.21751144536867      N
       -0.49731072044880       -2.53728764642952        0.14663764501001      Te
       -5.18891147127570        0.51954882851072        0.68059091090565      C
       -5.11934592831311        5.16602159667339        0.49982330030410      C
       -1.44247991839121        3.01875187948771        0.06568725803703      C
       -6.51459157530159        2.91888949140475        0.77807073229068      C
        1.27345298722931        2.73630094070951       -0.30099538815693      C
        2.85340103255603        4.81183363064281       -0.59844338243273      C
       -6.42195757861792        7.47087935484343        0.59694860906815      C
        2.25964965111813        0.28620147821773       -0.34688058407929      C
        5.40905341540984        4.46112918575035       -0.94139806048812      C
       -9.12259674173927        2.99461289591703        1.14102287014203      C
       -8.98759773095819        7.51477429121134        0.95517038448435      C
        4.83630218244962       -0.04938326795164       -0.69502274931938      C
        6.39146854835068        2.02850175306158       -0.98896832519580      C
      -10.35706071059280        5.27265147195384        1.23031318542080      C
       -2.55826247257714        5.19411483215984        0.14092745957924      N
       -2.63693441676166        0.76437172966809        0.31500827428883      N
       -6.11478221911564       -1.58683269554394        0.88787043417257      O
        2.01606716618896        6.66912903140296       -0.55105623218652      H
       -5.34576724338675        9.18760747782369        0.38304408395354      H
      -10.11427361138949        1.22597135067687        1.34563050964135      H
        6.64222348878584        6.06669209075108       -1.17286740095846      H
        5.64405711065107       -1.91456789733686       -0.74112601963652      H
       -9.96323233759128        9.30435097835049        1.02560973680696      H
        8.39318551229451        1.74639965772599       -1.25862033790455      H
      -12.37424772848322        5.33982084219041        1.51052631052222      H
$end
