$coord
        0.65916878658434        1.82617520196729        0.00000000000000      C
        1.47914570746938       -0.58817574450721        0.00000000000000      C
       -2.03972615932399        2.14206597835632        0.00000000000000      C
       -3.53908702303888        0.22575858812174        0.00000000000000      N
       -1.47853532593113       -3.06239038002051        0.00000000000000      Te
        1.91864233583416        3.43653801132456        0.00000000000000      H
        3.39943815215556       -1.25275198239715        0.00000000000000      H
       -2.83318606528313        4.04769981749381        0.00000000000000      H
$end
