$coord
       -1.33893029669390        1.57177157833072       -2.60380846266013      C
       -1.69348959390797        4.46646596129889       -2.53189153348067      C
        0.25993371816767        1.05770749092409       -3.79374538175706      H
       -2.99880071798180        0.63674850892401       -3.37644679926036      H
       -0.54253942551547        5.38362034738903       -3.96851859211871      H
       -3.65145372888845        4.97585600010888       -2.90873807163591      H
        1.56649414018249        1.48828782451507        0.82583242625479      C
        1.79203465390945        0.82262329334996        2.75828091218281      H
        3.05718437351979        0.60791298901581       -0.28558769517245      H
        1.70911441642417        4.39675849990434        0.68458560296049      C
        2.38968151678065        5.18420983267764        2.45831599168164      H
        3.01653012848299        5.00022817588333       -0.78586641947258      H
       -2.77814949265707        4.27319308806766        2.02169269188935      C
       -2.15253921848419        4.73796272465050        3.92635237720960      H
       -4.64754783335497        5.09633718993757        1.78166005748528      H
       -2.85441241397793        1.38484818487821        1.62392575169889      C
       -2.62978161440736        0.37930450492553        3.40407913054501      H
       -4.65083444503091        0.79539914290823        0.81548334113331      H
       -0.86184607084736        0.56123316325805       -0.08813814926058      N
       -0.93739165213131        5.37982653322124        0.09686112505183      C
       -0.97107583133006        7.43250582026644        0.17519896565752      H
       -0.03332909965993       -5.06926535142148        1.76764490368204      Se
        1.66796222855353       -5.03305498633934       -1.28486542124112      C
        2.97784403320499       -7.19547860629097       -1.66773867395299      C
        2.77931035141543       -8.99885766407174        0.31423802192043      C
        1.30450421101862       -8.26804199017115        2.27311697331785      C
        4.08278503964136       -7.52217786022238       -3.34846619145095      H
        3.72585356922305      -10.80263148563995        0.26160461400706      H
        0.89441701238609       -9.32529424607183        3.95772372060442      H
        1.51847166401318       -3.41799866420636       -2.50278559376404      H
$end
