$coord
       -1.28120350995683        1.25870443071710       -2.33120639849823      C
       -1.86160964550266        4.10582741514191       -2.55850190087713      C
        0.33437399864133        0.74474767975435       -3.49556001634744      H
       -2.86909917644587        0.11278811477536       -2.95510987203535      H
       -0.86204184647387        4.92949667190185       -4.15545143420184      H
       -3.87053856022849        4.42191283332178       -2.87282099204831      H
        1.71010198729689        1.74637528025898        0.99660716510935      C
        2.00624266903968        1.35379148088314        2.99295144870827      H
        3.22708001178118        0.81097955686050       -0.02893473052974      H
        1.67413086154213        4.61187471741006        0.47124138164182      C
        2.39152872406746        5.65963620179505        2.08837772532018      H
        2.87410033663467        5.07977638607184       -1.13375479449413      H
       -2.73414173963952        4.39270087996956        2.03171844487091      C
       -2.03814162396849        5.08216140941373        3.84127577324351      H
       -4.65391413169620        5.09571830463175        1.81323681410985      H
       -2.68219600306289        1.48219024522876        1.93832421136730      C
       -2.37883222115398        0.67662040734521        3.80684534119815      H
       -4.45985721109587        0.72671345642926        1.23302550932747      H
       -0.68087002345426        0.57847048907639        0.27184428398592      N
       -1.05025970232174        5.36913200616417       -0.09610485665676      C
       -1.20784188515510        7.41099506778988       -0.25396218361387      H
       -0.39042913364856       -4.87917307623060        1.77590829807978      Te
        2.02704193963031       -4.79151548432350       -1.23737717064724      C
        3.14358473063617       -7.04968774755740       -1.63640191254625      C
        2.50405189924015       -9.07305265809443        0.03370232056954      C
        0.82016513760705       -8.57485093177787        1.88723508764297      C
        4.47254313154306       -7.32718514724513       -3.16136705346885      H
        3.34426022801538      -10.92002221736443       -0.19399758320002      H
        0.18159644447981       -9.92658979214444        3.26605051084094      H
        2.31017412467643       -3.10853579123023       -2.33779303890559      H
$end
