$coord
        3.12805155983702       -4.56884168512759        0.00089062792253      Se
        4.21614641376284        3.14879017021905       -0.00032635570172      C
        2.91436378630890        4.71735582817935       -0.00052326516391      H
        0.09882436152270       -2.32093195755867        0.00114441814107      N
        3.22416775485052        0.71762236198894        0.00057126420747      C
        6.79398852768979        3.48798297047816       -0.00110945820776      C
        7.58603945385041        5.36728801141177       -0.00210175339580      H
       -2.28906758461793       -3.33521221933070        0.00005518000284      C
        4.81107925197386       -1.39439375845151        0.00056653989216      C
       -6.81067783293198       -2.16173481477921       -0.00166371488012      C
       -7.21442613425209       -4.16032541582246       -0.00321291235708      H
       -1.18061943546688        1.95963786540906        0.00200594428128      N
       -2.64142176041718       -5.61287473986871       -0.00057013037180      O
       -8.06157712783656        2.18528684941558        0.00072962325672      C
       -9.54232154360737        3.59019523299708        0.00112741060595      H
        7.41373384786230       -1.03876506522351       -0.00000302356180      C
        8.64384199799857       -2.66049665591910       -0.00005952637293      H
       -3.62239370951665        1.14772572870606        0.00124703026964      C
        0.53821554316972        0.19235371044421        0.00132243034201      C
       -8.69670614147177       -0.38090793754227       -0.00112665471550      C
      -10.65493219249312       -0.94906732499228       -0.00217753141340      H
        8.37458078065239        1.38480963446527       -0.00082807798781      C
       10.39919914652788        1.64223852065475       -0.00136192561801      H
       -5.58402580290502        2.93916606374932        0.00188575769976      C
       -5.06985362316407        4.91186892866617        0.00318456646521      H
       -4.28132250088317       -1.42782603715784       -0.00016705178942      C
        7.50711258561168       -7.38094483192878        0.00050058845041      Br
$eht charge=-1 unpaired=0
$end
