$coord
        3.52086363812872        1.31071687462592        0.00000000000000      Te
       -2.84037420551596       -0.35731848632863        0.00000000000000      Te
        3.73206434310422       -1.43483276368271       -2.94992238485066      C
        3.73206434310422       -1.43483276368271        2.94992238485066      C
        3.60840898030401       -0.43521205232242       -4.73239937093962      H
        5.51324157556467       -2.43344832971731       -2.82836405113094      H
        2.15080085942215       -2.72483748409234       -2.77622310584563      H
        3.60840898030401       -0.43521205232242        4.73239937093962      H
        2.15080085942215       -2.72483748409234        2.77622310584563      H
        5.51324157556467       -2.43344832971731        2.82836405113094      H
       -6.65220124272384       -1.26500799015099        0.00000000000000      C
       -3.73627427496465        3.58284911166023        0.00000000000000      C
       -1.93861579610833        4.56022547886238        0.00000000000000      H
       -4.80284760497501        4.02214089371310        1.68627348572849      H
       -4.80284760497501        4.02214089371310       -1.68627348572849      H
       -8.75673385873817       -1.81908532749294        0.00000000000000      N
$end
