$coord
       -6.76353766989026        0.95217989289214       -0.51607664572934      C
       -4.34741661695483        0.03130917140532       -0.93747215446422      C
       -3.84693418017846       -2.54745097147296       -0.76416896205491      C
       -5.78055146171456       -4.21680819585169       -0.16057796565872      C
       -8.17761046928573       -3.27328891778868        0.25511453860466      C
       -8.68791929293751       -0.69802628002185        0.08239319286913      C
       -7.06098339649471        2.96433589292098       -0.67369170979727      H
       -5.37623170721437       -6.20817078344087       -0.03325880184809      H
       -9.68251919095729       -4.57119137059094        0.72246062778580      H
      -10.57723005575576       -0.00391778020156        0.41515506615354      H
       -0.11155450156121        0.26563861236528       -1.84677983076709      N
       -2.20647181310825        1.68122829492098       -1.58821143972446      C
       -2.33324730271282        3.98883201412270       -1.85495459700959      O
        2.24259317208992        1.38677589449794       -2.55010301311625      C
        1.82687118809899        3.30845237459778       -3.17093719348177      H
        3.04707849615054        0.37176884405838       -4.15644618603383      H
        4.18935614443933        1.48645252250284       -0.46923846092234      C
        6.69278084357871        2.00659963830462       -1.06075202868347      C
        3.54390639157450        1.11262501080430        2.04015248153770      C
        8.50998419282415        2.17049539612033        0.80885607161426      C
        7.22050878470202        2.27913745177828       -3.01589895995737      H
        5.35960230629033        1.26883411863551        3.91749447497305      C
        1.61046164203358        0.66948007718333        2.50593028700802      H
        7.84678934473130        1.80196062935163        3.31409887625815      C
       10.44735295866284        2.57374594357921        0.31116797285838      H
        4.82595782164345        0.95714760492854        5.86145914087713      H
        9.26117413790994        1.91488385954490        4.77943465418142      H
       -0.43454497900043       -3.41002609865919       -1.40708837163887      Se
$end
