$coord
        3.22670131066580       -1.00975739126536        0.00000000000000      Te
        3.15227917156294        3.70622196040481        0.00000000000000      Br
        7.94970855379344       -1.52261299881529        0.00000000000000      Br
       -2.37589615367415       -0.20086673766302        1.25632488758097      C
       -2.85748302995782       -1.86800221103703        2.32770794852372      H
       -1.93096523989281        1.48194325802427        2.31888443930264      H
       -2.37589615367415       -0.20086673766302       -1.25632488758097      C
       -1.93096523989281        1.48194325802427       -2.31888443930264      H
       -2.85748302995782       -1.86800221103703       -2.32770794852372      H
$end
