$coord
       -0.26787132378152       -1.50520578661835        1.24858192375795      C
        2.15345857024382       -1.85693257334423       -1.48517242202602      Se
        1.14166556599702        1.50845233610045       -2.31306408283881      C
        1.97836278363270        2.46613926886495       -3.91782763368883      H
       -0.62126390408625        2.61582050677128       -0.84511160115078      C
       -1.36283211963593        4.50201775682660       -1.09792388641781      H
       -1.52541017142495        1.05692930170597        1.20899253939238      C
       -3.11856097729395        1.67626228363809        2.76725125312377      O
        0.73291704935117       -1.82123243431574        3.00753843363682      H
       -1.63830940209644       -3.01585398447560        1.06135315056371      H
$end
