$coord
       -4.00111088756265       -0.45088751949876        0.00000000000000      Se
       -3.65434652164002        3.91262880814738        0.00000000000000      Br
       -8.39146057028795       -0.91155323785676        0.00000000000000      Br
        1.59218515581932       -0.33010208376401       -1.13576716384424      C
        1.59218515581932       -0.33010208376401        1.13576716384424      C
        1.60655387738048       -0.25581694980518       -3.87433672076636      C
        3.50771889217847        0.06594048133773       -4.58430739270410      H
        0.91583913670740       -2.01933034526096       -4.66926947926703      H
        0.40116202214595        1.26421487209649       -4.55605863275760      H
        1.60655387738048       -0.25581694980518        3.87433672076636      C
        0.91583913670740       -2.01933034526096        4.66926947926703      H
        3.50771889217847        0.06594048133773        4.58430739270410      H
        0.40116202214595        1.26421487209649        4.55605863275760      H
$end
