$coord
       -3.78671560057347        5.78560477834441        1.01796239312585      C
       -1.09130984498164        6.76658542018405       -1.26566939429461      Se
       -2.85144535498966        9.81229802229172       -1.69741833452105      C
       -2.07799745971764       11.22459977036319       -2.94523510817115      H
       -5.00918396593313       10.06635147967740       -0.40862738520126      C
       -6.20361333094613       11.71419095959292       -0.48129434667958      H
       -5.70050871019924        7.92287822227608        1.17075752174032      C
       -7.56288067122058        7.77149925441940        2.48829649664874      O
       -3.00122561454492        5.40459857504366        2.87094695065052      H
       -4.66765262959481        4.07362874964973        0.32153784496723      H
$end
