$coord
        3.25702574578759        0.91333411575660        0.00000000000000      S
       -2.91498531723129       -0.34739988081834        0.00000000000000      Se
        3.50632087279148       -1.27129832150202       -2.58535755472456      C
        3.50632087279148       -1.27129832150202        2.58535755472456      C
        3.39012142441595       -0.18471543744850       -4.31945717407801      H
        5.30696700865082       -2.25317374866167       -2.52990977769378      H
        1.96484292704672       -2.62726449920937       -2.54616803640695      H
        3.39012142441595       -0.18471543744850        4.31945717407801      H
        1.96484292704672       -2.62726449920937        2.54616803640695      H
        5.30696700865082       -2.25317374866167        2.52990977769378      H
       -6.29310584692023       -1.18603614643049        0.00000000000000      C
       -3.46061368907006        3.29860614559806        0.00000000000000      C
       -1.57802940639240        4.10079772008863        0.00000000000000      H
       -4.47969725670565        3.83468270776733        1.68788088677009      H
       -4.47969725670565        3.83468270776733       -1.68788088677009      H
       -8.38740162754488       -1.77576335608602        0.00000000000000      N
$end
