$coord
       -0.58241037907361       -1.03608845714060       -0.56130875230303      Se
       -2.15242262238230       -6.17355515823530       -5.77288635460788      O
       -2.41628678191657       -3.54814240165545       -2.31953620584302      N
        1.94650124528115       -1.57757946260212       -3.00505042022115      C
        4.27519204036228       -0.39473714229485       -3.17691515310439      C
        4.82871001877135        1.01680455792930       -1.82454625804787      H
        1.24527509201248       -3.40018194835821       -4.75084876709428      C
       -1.25851904858427       -4.55412166347986       -4.41124287270433      C
        5.87715728476696       -1.06643613589371       -5.12519633142232      C
        7.69456982669439       -0.15433601129649       -5.27809596189148      H
       -4.84640805981887       -4.19070408608402       -1.46739406761821      C
        5.18729670030221       -2.89466603707631       -6.88385558738179      C
        6.46939216098986       -3.39085104767267       -8.38742014686090      H
        2.86823557160692       -4.06547458142199       -6.69596937846879      C
        2.26086965830418       -5.49507148093122       -8.01663036990769      H
       -5.37938414833547       -4.08690294183952        1.10389844453341      C
       -3.89774041190195       -3.60883586943556        2.42094268914241      H
       -6.74934998409184       -4.87347044970433       -3.14915318660759      C
       -6.34281282495702       -4.97545745686920       -5.13575253052706      H
       -9.13171826077021       -5.44071275306606       -2.24441543499189      C
      -10.59058342747016       -5.97200849711265       -3.56579414441292      H
       -7.77592782759245       -4.63872942639443        1.98255362925927      C
       -8.15412967732426       -4.55075568330669        3.98388036475836      H
       -9.66621935826937       -5.32383016869649        0.31387179299748      C
      -11.53410062683443       -5.76570652917000        0.99797079148088      H
        1.92345716902708        2.74657594856691        1.98607059854980      N
        3.91960567699948        0.36266338769951        4.36873045996920      H
       -0.45106534272709        1.21689896452518        4.70418084661111      H
        5.76073465973612        1.89135469059464        2.07453453659427      H
       -1.87529712079590        3.42095797531751        2.67579984704889      H
        4.21739136533374        2.15367475491247        3.40603329633048      C
       -0.17587019637699        3.02502841583802        3.76346497725398      C
        3.80888000931653        4.90051998945215       -0.70543797485522      H
        0.55726341558806        5.49491293290936       -0.44851704704804      H
        2.26631452618705        5.13058129498704        0.63292143557642      C
        4.79678196206021        4.32016468753906        5.28555962419328      C
        0.41516678245551        5.15892813171941        5.66864131369670      C
        2.82864618724134        7.27295643253735        2.54425846815802      C
        4.84247648461659        3.63182552157725        7.22184992333266      H
        2.86675232557170        6.27077476433298        5.10548100773677      N
        0.45701042111515        4.44571223310786        7.59597355511493      H
        6.62132141709403        5.17965956114217        4.88827172957542      H
       -1.00399712809229        6.64340286686022        5.58573978450006      H
        4.64976731668834        8.14773597795422        2.16513197543344      H
        1.39947409816493        8.74722267818034        2.45020623201783      H
$end
