$coord
        1.79468631760752       -7.85215711178829        4.70953047229730      C
        1.62670081451290       -5.38444634667810        3.86937184331915      C
        1.54438434452443       -9.78192048586583        2.96661792618907      C
        0.99396835154893       -6.64841385362487       -0.20191175620993      C
        1.13535860505610       -9.17155349850459        0.45984916769955      C
        1.23960685850168       -4.79083934031611        1.46422140642758      N
        0.66824665294179       -6.08357263627709       -2.13688397137738      H
        2.11153159466209       -8.24175835642165        6.68317649952294      H
        1.80604073702730       -3.81681118986157        5.16551023678407      H
        1.66343161016976      -11.73039252652235        3.55310066506123      H
        0.92592649476062      -10.61506615222291       -0.96133486007547      H
$end
