$coord
       -3.74261903042807        5.93035402003809        1.01258706716437      C
       -1.36383254064631        6.70660059970068       -1.29018367747364      S
       -2.79453020562312        9.57107315967563       -1.88633293239107      C
       -1.93865075604164       10.79081918558017       -3.27577787606742      H
       -4.89485307874964       10.10698323697332       -0.57614442518959      C
       -5.97622239739794       11.81972951803639       -0.75764506055489      H
       -5.61131439300761        8.11448605781891        1.16916259289114      C
       -7.40642022981479        8.09221053317972        2.58264371903699      O
       -2.85915543757811        5.61211072359652        2.83455403802474      H
       -4.69065569879197        4.19983486477296        0.46113399249168      H
$end
