$coord
        0.16931757103987        0.78845364350980       -3.26337749323766      Se
       -1.76824451378138       -0.75386371857952       -4.96832619739272      O
       -0.19858375953186        3.74207762389336       -2.83398523046123      O
        3.00418152414905       -0.35793434807264       -2.93414354965530      O
        0.79452797916478       -1.69785032591314        1.35882778997786      Te
        2.28929869812297        0.93150950162320        2.12548741106502      H
       -1.42656426702443       -1.33178562016193        4.41580372670610      N
       -2.86393323213899       -1.32060656732651        6.09971354299792      C
$end
