$coord
       -6.80627666078774        1.00078459368044       -0.47415458343554      C
       -4.36303085700473        0.17431646355733       -0.94061231236550      C
       -3.73524569703502       -2.38237375688413       -0.79028724476852      C
       -5.58645617967390       -4.14509308942234       -0.16118192212815      C
       -8.00507034828555       -3.29479400108686        0.29765548620428      C
       -8.63699079593376       -0.73837004305637        0.14821575529668      C
       -7.20090136437818        2.99726229194375       -0.61366437047609      H
       -5.08183373090372       -6.11579473437322       -0.05643837146530      H
       -9.44616320770129       -4.65566704164940        0.78563473904970      H
      -10.55025912861472       -0.13610128802958        0.51917012739535      H
       -0.19052729014477        0.29808861143204       -1.89714159890606      N
       -2.24591266500042        1.80595966777655       -1.61914871302846      C
       -2.26374676632892        4.10787531134317       -1.90492197930635      O
        2.22480158959923        1.28802145284185       -2.59963008922598      C
        1.87436416300818        3.19307382325080       -3.30002929834251      H
        3.00008932222618        0.17409026334021       -4.15075962217963      H
        4.13641282144151        1.40195096219647       -0.48782920859113      C
        6.65060499106637        1.89194636384426       -1.05614619919993      C
        3.45211407890674        1.07238801729582        2.01639786826077      C
        8.44333884364193        2.06981721326938        0.83507432083986      C
        7.20713935031555        2.12903537186400       -3.00769679268607      H
        5.24420221206552        1.24328766704722        3.91502970518871      C
        1.51081071430397        0.65273294632172        2.47037905839815      H
        7.74284363643827        1.74657256766639        3.33621887643728      C
       10.39069726869321        2.44678828437623        0.35729259708072      H
        4.68174847470358        0.96579177914039        5.85568810626515      H
        9.13844322912989        1.86956784913128        4.81839475974749      H
       -0.57106389650355       -2.98323579978375       -1.45047157017223      S
$end
