$coord
        0.47163066522350       -2.29599683237169        0.00000000000000      S
       -1.26778002940320       -0.88763270662609       -2.32660623819307      C
       -3.11897992957578        0.58342005974199       -1.34106360851598      C
       -3.11897992957578        0.58342005974199        1.34106360851598      C
       -1.26778002940320       -0.88763270662609        2.32660623819307      C
        5.04697678767203        1.02461063860488        0.00000000000000      S
        7.81765846062983        2.38474593008836        0.00000000000000      F
       -0.82148000904456       -1.22124325591307       -4.27753435589375      H
       -4.43532478654605        1.63736850745899       -2.47935015522956      H
       -4.43532478654605        1.63736850745899        2.47935015522956      H
       -0.82148000904456       -1.22124325591307        4.27753435589375      H
        5.95086378458643       -1.33718513461781        0.00000000000000      H
$end
