$coord
       -0.35053739310304       -0.94463875181923       -0.39258096478666      N
       -3.60528450712956       -0.36634211754631        1.69359900905058      H
       -3.49243554317299       -1.71381794474835       -2.58648118587826      H
       -0.58155943539969       -2.28313176588789       -4.05359330635867      H
       -0.77489788212745        0.14554103693989        3.33814507427611      H
        3.13622613710690       -0.60467399843821        1.34216834240843      H
        3.23454046154857       -1.56146727971839       -1.82464868120382      H
       -1.61497033959431       -2.49671012427339       -2.28792411133992      C
       -1.71026110223659       -1.10237192376995        1.99922706080202      C
        2.23834865824141       -1.82686948734548       -0.04649406567971      C
       -1.77965902649192       -3.84392025598231        2.99511726381969      C
       -1.74156479343615       -5.28977692598560       -1.46287970087910      C
        2.29979007962164       -4.61383700901787        0.81143932722662      C
       -0.42104118508651       -5.52512681905286        1.08795331343909      C
       -3.71810512519427       -4.48394025877326        3.24209879912921      H
       -3.69293340629648       -5.91917780179186       -1.30432241936543      H
       -0.82531596410493       -6.50513633063705       -2.84550292221818      H
        3.29351257780176       -4.80778281372207        2.60108725704067      H
        3.29319000155229       -5.77944049172590       -0.56105552900233      H
       -0.85964548477524       -3.97851883379759        4.82920456009816      H
       -0.45069079900919       -7.47872965511033        1.72239786827196      H
$end
