$coord
        3.25702574578759        0.91333411575660        0.00000000000000      S
        3.50632087279148       -1.27129832150202       -2.58535755472456      C
        3.50632087279148       -1.27129832150202        2.58535755472456      C
        3.39012142441595       -0.18471543744850       -4.31945717407801      H
        5.30696700865082       -2.25317374866167       -2.52990977769378      H
        1.96484292704672       -2.62726449920937       -2.54616803640695      H
        3.39012142441595       -0.18471543744850        4.31945717407801      H
        1.96484292704672       -2.62726449920937        2.54616803640695      H
        5.30696700865082       -2.25317374866167        2.52990977769378      H
$end
