$coord
       -0.71338162759268       -0.09844830602390        0.13231692249241      Se
        2.43203953889140        6.94785059567422        0.59613281430015      C
        1.61091555424872        8.80425990385454        0.77628607493859      H
       -2.94531920098370        2.66511684732119        0.44874097959381      N
        0.82933767924335        4.87473429853648        0.48550201086866      C
        5.00589848809287        6.58195142993152        0.47456352016891      C
        6.27175534321904        8.17592029823987        0.55827120653032      H
       -5.50606515163381        2.19761901313224        0.50314959622865      C
        1.80716436818100        2.43919990015020        0.25180770685919      C
       -9.62399909719310        4.35242665885642        0.82470992893677      C
      -10.49069439424885        2.51176878484265        0.70760284510359      H
       -3.18368830948026        7.08312361674337        0.81111807378543      N
       -6.29641003304913        0.04194549489775        0.35697965843449      O
       -9.82337446299857        8.85845025712199        1.19487004914526      C
      -10.93714559269745       10.55749186638410        1.37182097989291      H
        4.39700869964324        2.07446915207036        0.13350896173182      C
        5.16910468484571        0.20362989520244       -0.04018597090312      H
       -5.75890105847740        6.84242787744218        0.88618763305859      C
       -1.90317303777801        5.01644958493707        0.59805277604277      C
      -11.03443379585345        6.51568043549460        1.04943030152564      C
      -13.06843446296506        6.41477057222077        1.11414699622507      H
        5.97548578215456        4.14943076676879        0.24507347884149      C
        7.99340393508259        3.87187421865337        0.15320916760838      H
       -7.23913978353726        9.02652287659096        1.11547585163590      C
       -6.28321709908270       10.82223493753892        1.22507788816515      H
       -6.99441571505622        4.49215754385356        0.74184109200207      C
$end
