$coord
       -5.94855831871439        2.38753535482092        0.78450846227943      C
       -4.23126214406107        0.67177930695916       -0.20802350844218      C
       -4.76621356329574       -1.89434310348811       -0.23981285925577      C
       -7.05293165142293       -2.75275365224091        0.72316360590416      C
       -8.75988441013314       -1.04431821441332        1.71163115367694      C
       -8.21476494153973        1.52998689912617        1.74501807895628      C
       -5.45367060510258        4.36641894697356        0.77368089850319      H
       -7.50781707551094       -4.74421771812299        0.70150583273511      H
      -10.53595352390612       -1.71325216074664        2.46385175539110      H
       -9.56698473720502        2.84513782713090        2.52023192329176      H
       -0.38469797225781       -0.45459346140176       -2.17250606471693      N
       -1.78292315042698        1.48732670980809       -1.25474469859557      C
       -1.07896180756554        3.69891344461784       -1.28985297540183      O
        2.12695856285304        0.10634131410122       -3.13129470781209      C
        2.00309646401479        1.89002167778633       -4.14422967355600      H
        2.66012003350247       -1.37859167962482       -4.44267374247208      H
        4.06788984038187        0.31041378316204       -1.06165475085320      C
        5.25072781431906       -1.84573651297369       -0.14302770119415      C
        4.69957388329190        2.64233128560096       -0.03835747190493      C
        7.03525194071881       -1.66952314233247        1.75990949876351      C
        4.78786831290299       -3.65821120053748       -0.96044045270069      H
        6.48779998316978        2.81884852420302        1.86302561728784      C
        3.74569134716147        4.30653579375569       -0.72837244699407      H
        7.66081383790291        0.66243026490282        2.76877909669553      C
        7.94988675496699       -3.36049278645326        2.44357688380005      H
        6.96236369231130        4.64405070618875        2.64289877035619      H
        9.05835380137929        0.79906256597342        4.24980678241242      H
       -1.90744911005281       -4.05274047295863       -1.98450930682564      Te
        2.69567674231810       -6.59836011084422       -5.35208762138316      I
$eht charge=-1 unpaired=0
$end
