$coord
        3.58032311474945        0.38677856072101        0.00000000000000      O
       -2.45904958336321       -1.00932143144841        0.00000000000000      Te
        4.31071662383380       -0.90036001207541       -2.20145345641170      C
        4.31071662383380       -0.90036001207541        2.20145345641170      C
        3.65317337966186        0.19198956022000       -3.80569034059079      H
        6.36415784845244       -1.09556437437861       -2.30267814805790      H
        3.45899797323351       -2.78018529461113       -2.28145085450004      H
        3.65317337966186        0.19198956022000        3.80569034059079      H
        3.45899797323351       -2.78018529461113        2.28145085450004      H
        6.36415784845244       -1.09556437437861        2.30267814805790      H
       -2.21683318144954        3.01842741351211        0.00000000000000      C
       -6.50583458444010       -1.03514113743432        0.00000000000000      C
       -0.22097285671114        3.47186984273136        0.00000000000000      H
       -3.11278635220233        3.76333855457624       -1.68264067622652      H
       -3.11278635220233        3.76333855457624        1.68264067622652      H
       -7.11766629852054       -2.99020737740270        0.00000000000000      H
       -7.20424258913912       -0.10042136907062        1.68185209351472      H
       -7.20424258913912       -0.10042136907062       -1.68185209351472      H
$end
