$coord
       -0.30077315636468       -1.44131924860547        1.24932420817971      C
        2.37360637252895       -1.86659228637545       -1.74704858967719      Te
        1.07745380611809        1.84638034266435       -2.44299692685240      C
        1.79148890100466        2.96674302605852       -3.99864347216173      H
       -0.68065024830596        2.76348691868353       -0.86351658874152      C
       -1.50288369115641        4.63034301082598       -1.00538191939641      H
       -1.53691369023597        1.13287701670924        1.17702253076128      C
       -3.12383936030524        1.74678988617072        2.73193642925209      O
        0.67843889079493       -1.73358636973800        3.02512705954173      H
       -1.69779665769120       -2.92971629929054        1.07402792162676      H
$end
