$coord
       -0.03332909965993       -5.06926535142148        1.76764490368204      Se
        1.66796222855353       -5.03305498633934       -1.28486542124112      C
        2.97784403320499       -7.19547860629097       -1.66773867395299      C
        2.77931035141543       -8.99885766407174        0.31423802192043      C
        1.30450421101862       -8.26804199017115        2.27311697331785      C
        4.08278503964136       -7.52217786022238       -3.34846619145095      H
        3.72585356922305      -10.80263148563995        0.26160461400706      H
        0.89441701238609       -9.32529424607183        3.95772372060442      H
        1.51847166401318       -3.41799866420636       -2.50278559376404      H
$end
