$coord
       -0.23838611603168       -1.38206556315971        1.13643801661848      C
        2.12463854608984       -1.49441374969325       -1.67646335049775      Se
        1.03760099393074        1.81314383958452       -2.37395975131425      C
        1.84747071463825        2.80219587964764       -3.96413726209877      H
       -0.72027572644052        2.80736182395452       -0.84095911696454      C
       -1.50362881016735        4.67993868399403       -1.03174700034189      H
       -1.55709275271250        1.15689241219137        1.18457822272535      C
       -3.13208366846912        1.68871444496366        2.77273202580301      O
        0.80575219645457       -1.72856423358921        2.86527210309829      H
       -1.56719371679382       -2.92696636983399        0.92159354172948      H
$end
