$coord
        1.74853051290411       -1.20163148921915        2.78268710302751      H
       -1.19772070100425        2.52424154418298        2.98003932804396      Se
       -0.24759607424524        1.27327667578188        7.92687291433092      C
        0.36508374891992       -1.06414635474851        6.61068093620413      C
       -0.01215320665266       -0.85521313214994        3.76878757985659      C
       -1.02718047716175        3.17435249550679        6.45938417143387      C
        1.09500614928140       -2.99995401783566        7.58044964397378      O
       -0.06162226817036        1.38856754383669        9.95138640040648      H
       -1.55268458858160        5.02182018658325        7.13691750546988      H
       -1.39639667917099       -2.22726673732879        3.13833639427026      H
$end
