$coord
        3.47080762767671        1.12285277550858        0.00000000000000      Se
       -2.91375869600380       -0.27443018521485        0.00000000000000      Se
        3.55413283347050       -1.31742162291608       -2.73949986909327      C
        3.55413283347050       -1.31742162291608        2.73949986909327      C
        3.50638228889053       -0.26119227576666       -4.49324848274530      H
        5.28144455658431       -2.41275412789920       -2.64321095311197      H
        1.91391499696081       -2.54130463725263       -2.63504676933578      H
        3.50638228889053       -0.26119227576666        4.49324848274530      H
        1.91391499696081       -2.54130463725263        2.63504676933578      H
        5.28144455658431       -2.41275412789920        2.64321095311197      H
       -6.26704274420946       -1.20917452001818        0.00000000000000      C
       -3.56317441708636        3.35436553846679        0.00000000000000      C
       -1.70312058310210        4.20801983553653        0.00000000000000      H
       -4.59622306078289        3.86202591095491        1.68811729150828      H
       -4.59622306078289        3.86202591095491       -1.68811729150828      H
       -8.34301460649412       -1.86034031646476        0.00000000000000      N
$end
