$coord
       -1.09999464830517        1.55996003416139       -2.48752359866377      C
       -1.46118688421666        4.45535040326126       -2.24702760341395      C
        0.42603648712433        1.10212758218203       -3.79134750827753      H
       -2.80684158235241        0.64181921103420       -3.17634029841728      H
       -0.11756439755534        5.47830242924656       -3.42053921200830      H
       -3.35102469165107        5.02330381056368       -2.82534767029082      H
        1.83431217368730        1.65645965460558        0.90996851352865      C
        2.29527816952650        0.79352132205819        2.71890279919797      H
        3.35583158799427        1.19812850390194       -0.39699895549341      H
        1.45934421227255        4.54737515224235        1.15364000455829      C
        1.72259251006280        5.17596439067809        3.09361867114770      H
        2.79552363464683        5.57932359738913       -0.02055738564668      H
       -2.90611229718574        3.91994412694840        1.96490793362540      C
       -2.63687035504604        4.55771195414403        3.90108806173171      H
       -4.79667575945200        4.48213916080388        1.38309924334987      H
       -2.53458666087961        1.02748736868439        1.73269555284286      C
       -2.06010647763279        0.17473919529140        3.54309286447785      H
       -4.23284762427963        0.09886574652483        1.03803166251454      H
       -0.48184104444743        0.49193520551471       -0.02591589304566      N
       -1.08818612769765        5.23120108530074        0.36595661341688      N
$end
