$coord
       -0.45183408331458       -9.30255592750472       -2.33794667363953      C
        0.55858074366953      -10.18606014946635       -0.09665968024695      C
       -0.80557418425363      -10.55303381348350       -3.90611284349708      H
       -1.00428550029891       -6.75707461757145       -2.53764801720149      C
        1.01315474089220      -12.16028594466703        0.12880354368152      H
        0.97902288557453       -8.49459558607352        1.84868146216630      C
       -1.79163270916274       -5.98619183654099       -4.25704840189458      H
       -0.60998885316371       -5.12724706221276       -0.67360081397068      N
        0.36733573554263       -5.98260589224691        1.47087040779706      C
        1.76773353183728       -9.09947065137139        3.62627350622311      H
        0.67481326225224       -4.59211763077715        2.93463147694068      H
$end
