$coord
        4.67219250763660        1.57258283775601        0.00000000000000      Te
       -2.27715229448436       -0.36074739438175        0.00000000000000      Te
        4.58110185027890       -1.18624155966024       -2.94666600879271      C
        4.58110185027890       -1.18624155966024        2.94666600879271      C
        4.58559316235929       -0.18360465643245       -4.73225461791847      H
        6.23488773139076       -2.38425308951506       -2.81691117698006      H
        2.85875273694096       -2.28105835838395       -2.78065470258048      H
        4.58559316235929       -0.18360465643245        4.73225461791847      H
        2.85875273694096       -2.28105835838395        2.78065470258048      H
        6.23488773139076       -2.38425308951506        2.81691117698006      H
       -2.95217947373390        3.61781244647273        0.00000000000000      C
       -6.23098091160072       -1.26011227667994        0.00000000000000      C
       -1.11478043242204        4.51978231623371        0.00000000000000      H
       -3.99292837344304        4.13803609618256       -1.68367303360840      H
       -3.99292837344304        4.13803609618256        1.68367303360840      H
       -6.40567191887594       -3.30118392100466        0.00000000000000      H
       -7.11312075130037       -0.49694543638891        1.68220755099876      H
       -7.11312075130037       -0.49694543638891       -1.68220755099876      H
$end
