$coord
        3.27481619444260       -5.06366647085945       -0.00115424471692      Te
        4.13770822869994        3.06027048525391        0.00085623490707      C
        2.77421583875606        4.57521232983891        0.00123758163901      H
        0.03585320684459       -2.44878553591734        0.00011243870441      N
        3.23549288351537        0.59125410836422        0.00038304748546      C
        6.69949107207463        3.51406137997054        0.00057939002981      C
        7.40430071299341        5.42834487352564        0.00060943667519      H
       -2.37586194963130       -3.37936944968470        0.00036622892295      C
        4.91672646966950       -1.44830348738945       -0.00038115775934      C
       -6.87975336991046       -2.10448556183383       -0.00026890802753      C
       -7.33770752025224       -4.09150385803513       -0.00051627317725      H
       -1.14295813866626        1.86138098864158        0.00100665710659      N
       -2.78335379840428       -5.65699379775499        0.00088269107281      O
       -8.01487330255702        2.27478994785597       -0.00023168042288      C
       -9.45794565008829        3.71870700296496       -0.00045844755783      H
        7.49972224468351       -0.97218831309962       -0.00049548618988      C
        8.80183727496278       -2.53773362179494       -0.00073037914717      H
       -3.60404125631218        1.11835144787974        0.00042840091245      C
        0.53392794356557        0.04687465652121        0.00065951441749      C
       -8.71833953717381       -0.27409079040287       -0.00051041502626      C
      -10.69135874224392       -0.78944574972522       -0.00095166607636      H
        8.37201528846561        1.48664905401980       -0.00000264561657      C
       10.38427182192427        1.83043842410444        0.00014702069250      H
       -5.51806529047037        2.96220749438682        0.00023942829999      C
       -4.95203373463669        4.92089785111699        0.00042140892579      H
       -4.33195393294012       -1.43860900339754        0.00022903480630      C
$end
