$coord
        4.41218962549277        1.31277478637564        0.00000000000000      Se
        4.56310712222982       -1.12239413897814       -2.74098632766290      C
        4.56310712222982       -1.12239413897814        2.74098632766290      C
        4.50374987979243       -0.06118460759990       -4.49165053033432      H
        6.31079349447406       -2.18533522640437       -2.63851725136364      H
        2.94155694524219       -2.37184665956170       -2.65128915434950      H
        4.50374987979243       -0.06118460759990        4.49165053033432      H
        2.94155694524219       -2.37184665956170        2.65128915434950      H
        6.31079349447406       -2.18533522640437        2.63851725136364      H
$end
