$coord
        0.00000000000000        0.00000000000000        2.29761500485220      Te
       -1.67591854245602       -2.90277598571273        2.55148553674902      O
       -1.67591854245602        2.90277598571273        2.55148553674902      O
        3.35183708491204        0.00000000000000        2.55148553674902      O
        0.90306364324190       -1.56415220259625       -2.64582387742449      H
        0.00000000000000        0.00000000000000       -2.01459979385320      N
       -1.80612728648381        0.00000000000000       -2.64582387742449      H
        0.90306364324190        1.56415220259625       -2.64582387742449      H
$end
