$coord
       -6.76751100803989        0.96670735144777       -0.50084620905535      C
       -4.35089068946233        0.05222919549532       -0.93354946097473      C
       -3.84515443611430       -2.52568094857211       -0.77353463370114      C
       -5.77148474474125       -4.20306554055561       -0.17220450564045      C
       -8.16913221302762       -3.26628748249696        0.25416551814487      C
       -8.68554806459633       -0.69143208070999        0.09476863131404      C
       -7.07066559726681        2.97869705557764       -0.64808837745263      H
       -5.36855110435347       -6.19578173896786       -0.05218554282184      H
       -9.66889634429751       -4.56991127011413        0.72094355565296      H
      -10.57549075183065       -0.00363337641981        0.43589575523431      H
       -0.11658155099792        0.29322747994907       -1.86523584096320      N
       -2.21400671808494        1.70640549402452       -1.58048283781999      C
       -2.33459902380976        4.01458066640633       -1.82651743136846      O
        2.24057815712323        1.41736319052365       -2.55799469838528      C
        1.82047692181111        3.34286768883415       -3.16271631792183      H
        3.04367528837271        0.41571707070300       -4.17248977185925      H
        4.18378296415259        1.50141253936840       -0.47363660950478      C
        6.69614039868306        1.97630109243074       -1.06388330487196      C
        3.52551255336790        1.16047212038924        2.03705862192647      C
        8.51052918983849        2.12925987132760        0.80939124205276      C
        7.23360855517050        2.21928302239750       -3.02015594599830      H
        5.33822572436862        1.30605132979685        3.91785711341637      C
        1.58461491296409        0.75214198910738        2.50373461422383      H
        7.83479922144320        1.79491119501635        3.31588107696628      C
       10.45573956320391        2.49418866270531        0.31325555330824      H
        4.79464865023813        1.02089109067379        5.86299322054509      H
        9.24716522020291        1.89788709586223        4.78376269392464      H
       -0.42755318131195       -3.36056365118293       -1.43161040269500      Se
$end
