$coord
        6.22425178584356        3.77103956647930       -0.22017350256043      S
        8.73570101799853        5.57944302808021       -0.28309250079750      N
       10.32739824653247        4.70797428283367       -1.96866206354457      C
        9.57011714722919        2.52005731259785       -3.28911216154797      C
        7.24333932190401        1.76117826088358       -2.48397129149471      C
       12.09392008597865        5.68872532294917       -2.25113775773500      H
       10.66940466001853        1.58648687566313       -4.72247830878536      H
        6.10804988082407        0.18683041892717       -3.07296131898902      H
$end
