$coord
        3.40707604720605       -0.77351290185071        0.00000000000000      Se
        3.27345993800296        3.30449868959985        0.00000000000000      Cl
        7.46935869223095       -1.31957987912301        0.00000000000000      Cl
       -2.35399876323250       -0.20436386482924        1.25181713488330      C
       -2.84893012951779       -1.86783232465843        2.32307585184705      H
       -1.87201825699707        1.46649323517460        2.31759583505826      H
       -2.35399876323250       -0.20436386482924       -1.25181713488330      C
       -1.87201825699707        1.46649323517460       -2.31759583505826      H
       -2.84893012951779       -1.86783232465843       -2.32307585184705      H
$end
