$coord
        0.36178995628471       -2.30805177326587        0.00000000000000      S
       -1.36568012587835       -0.87342310000462       -2.33095714362239      C
       -3.19598759196235        0.61521734740531       -1.34365952529337      C
       -3.19598759196235        0.61521734740531        1.34365952529337      C
       -1.36568012587835       -0.87342310000462        2.33095714362239      C
        5.01862881710399        1.09968227657677        0.00000000000000      Te
        8.37572519879346        2.56833414590353        0.00000000000000      F
       -0.91588562397007       -1.21096409065820       -4.28038973206805      H
       -4.49876723891964        1.68797234951453       -2.47969238463073      H
       -4.49876723891964        1.68797234951453        2.47969238463073      H
       -0.91588562397007       -1.21096409065820        4.28038973206805      H
        6.19649700030603       -1.79756985070108        0.00000000000000      H
$end
