$coord
       -0.17434462047658       -2.88378896247560        0.00000000000000      S
       -1.53735531923129       -1.10257336857483       -2.32619767940492      C
       -2.97737027886554        0.77360965582829       -1.34075312651370      C
       -2.97737027886554        0.77360965582829        1.34075312651370      C
       -1.53735531923129       -1.10257336857483        2.32619767940492      C
        4.66999437820844        0.97249709434838        0.00000000000000      Te
        8.85260438935548        3.23837452688281        0.00000000000000      Br
       -1.18117218035833       -1.53106083048279       -4.27723426738516      H
       -3.99550822754837        2.11693942391292       -2.47971808490603      H
       -3.99550822754837        2.11693942391292        2.47971808490603      H
       -1.18117218035833       -1.53106083048279        4.27723426738516      H
        6.03455786491975       -1.84091260909537        0.00000000000000      H
$end
