$coord
        0.64575645541485        1.85053547246716        0.00000000000000      C
        1.44710502308122       -0.57049546688526        0.00000000000000      C
       -2.04821613188407        2.18890794261557        0.00000000000000      C
       -3.56806181576246        0.28666200447430        0.00000000000000      N
       -1.54014474396384       -3.00874124431514        0.00000000000000      Te
        1.91901442290810        3.44947016308578        0.00000000000000      H
        3.36193653721247       -1.25068122050980        0.00000000000000      H
       -2.82963602578542        4.09819632310547        0.00000000000000      H
$end
