$coord
       -6.98526339348946        0.85272795332345       -0.79907069179575      C
       -4.47573147746052        0.13485841515741       -1.02336549806137      C
       -3.76451112963657       -2.37222857321149       -0.65663655357735      C
       -5.57598634105305       -4.16929500087297       -0.04587820393570      C
       -8.06691352543988       -3.42805521972375        0.17646564907886      C
       -8.78974699619007       -0.92761383121730       -0.19874627597858      C
       -7.45123357307926        2.81405447799747       -1.10906722342948      H
       -5.02641618949094       -6.10870391503580        0.24276593427071      H
       -9.47249257282301       -4.83044403146330        0.65018597345096      H
      -10.74987203299406       -0.39270511979305       -0.02008665486904      H
       -0.22277962385889        0.70038768178717       -1.70138468068402      N
       -2.44932675347943        1.93157392067755       -1.65886659877051      C
       -2.75452489253752        4.19578423682483       -2.08224934349803      O
        2.08772879336898        1.93995050967015       -2.36790582470142      C
        1.61974548853862        3.92682348593247       -2.65273989709537      H
        2.80137422672866        1.21060542063974       -4.16245627100058      H
        4.13489990670614        1.68853114152958       -0.40480050082629      C
        6.65551223186679        1.67561486346780       -1.12511761226894      C
        3.55472639644624        1.49455283353603        2.14457477875937      C
        8.56139154642787        1.50218921680562        0.65675182687095      C
        7.12622959245425        1.77506944865306       -3.11025657583930      H
        5.45355797742555        1.31502922964231        3.93076980099851      C
        1.59719652052920        1.43885542368419        2.70986159352734      H
        7.96481011114573        1.32334024513839        3.19656074589594      C
       10.51188313739377        1.47711803133766        0.05915541968728      H
        4.96836040143557        1.14049752627939        5.90401860779277      H
        9.44437741651352        1.16139128317625        4.59097094496473      H
       -0.24970104017546       -2.92840067196258       -1.06078415402759      Se
$end
