$coord
        0.57687272563802        4.83131746287810        0.77139187324844      C
       -0.21096770174434        3.70241170561974       -3.01437338405696      Te
        0.36648025652602        7.56398616100348       -3.62256113925129      C
        0.19954203964966        8.37560217762275       -5.48608054197550      H
        0.96321305887073        8.93297727602477       -1.58918805018567      C
        1.32928418969077       10.93998811873411       -1.63801554968406      H
        1.14840130579561        7.64555146485741        0.84355749038589      C
        1.70140773534274        8.67197416184318        2.81125730538781      O
        2.17745242284812        3.78323226840796        1.50496598037313      H
       -1.05195289692940        4.44683737604246        1.95353423899915      H
       -0.35095861305622       -1.17190156193617       -0.36539158530562      N
       -3.56049875386651       -0.62957359677405        1.81955322368140      H
       -3.55342702076295       -2.00610755362176       -2.46229462106441      H
       -0.67270905221247       -2.54664368047252       -4.01793795383933      H
       -0.68084640187770       -0.13261247565830        3.39900899535266      H
        3.18530062380978       -0.84803368465728        1.29140122801573      H
        3.20352514255562       -1.84065881887683       -1.87457996973161      H
       -1.65097000021356       -2.74752572491715       -2.21884914127928      C
       -1.65098398418688       -1.35436255611800        2.05972361911995      C
        2.24197428678410       -2.06640191124435       -0.07129785490103      C
       -1.65216166150774       -4.13895658177786        2.96019493606409      C
       -1.67325497348337       -5.52401830570815       -1.30390611270018      C
        2.22084261336815       -4.85391518582153        0.81462011423958      C
       -0.37225488161763       -5.72542909552245        1.11218413769943      N
       -3.56755177868143       -4.84483297309399        3.20191622973312      H
       -3.59457013794819       -6.21360469091222       -1.06076091039625      H
       -0.73329839608311       -6.76196012652143       -2.64929190280839      H
        3.18691104841318       -5.07271939283206        2.61582749875794      H
        3.15862222627284       -6.07582060176867       -0.54677222306200      H
       -0.68342342139384       -4.33879927685395        4.76216425815590      H
$end
