$coord
       -1.74132479821832        1.88084970306787        0.49775575095115      Te
        0.11981184883535        9.48916354772180       -0.47797844424871      O
       -2.10606631773708        5.85899285931188        0.37650034032920      N
        1.94737240902460        2.92662432940544       -0.45132007780869      C
        4.02363453324200        1.37297560255506       -0.83587556471670      C
        3.87162250713357       -0.64686156725253       -0.66093757023699      H
        2.20497609488061        5.53032507767646       -0.68257153285687      C
       -0.00835202255298        7.19632671537570       -0.27017924629752      C
        6.32887552787011        2.43706186401281       -1.45366010506230      C
        7.93880823556141        1.22098304062571       -1.75424901312983      H
       -4.47317656774003        6.97609500925063        0.77992719923551      C
        6.59193617585618        5.03644439911646       -1.68768624497926      C
        8.40122724181783        5.84183357918249       -2.16898871748117      H
        4.52770140253154        6.57720613865999       -1.29942557205870      C
        4.63982641240977        8.60686308130155       -1.45698281050722      H
       -5.28226148518798        9.07829305761061       -0.58402269340313      C
       -4.02828250361811        9.93479422708709       -1.93226008023340      H
       -6.10611612408075        5.90513921538466        2.54245151203766      C
       -5.47320659377891        4.31422508935677        3.65311555404244      H
       -8.49446878545056        6.89129184865478        2.92560822366823      C
       -9.72500099012920        6.03221876192269        4.30605089003211      H
       -7.66662493470873       10.05850420297231       -0.17572865589025      C
       -8.26325153444524       11.68922465392488       -1.24536164146899      H
       -9.29000927987291        8.97860943761905        1.57034143359960      C
      -11.14786441751118        9.75960811156722        1.87358238331042      H
$end
