$coord
        2.96442055265136       -4.16635402010522        0.00050852530014      S
        4.31913478680115        3.23008732193590        0.00048414783313      C
        3.09617433675863        4.86094893542998        0.00040534625373      H
        0.18550685474949       -2.20018828477127        0.00114007177098      N
        3.22474071981151        0.84346735044975        0.00115934697745      C
        6.90779690559983        3.43506345802952       -0.00079047243793      C
        7.79812625140575        5.26973883707796       -0.00148986007665      H
       -2.18457177705002       -3.29165252037729        0.00050493482050      C
        4.69500887189265       -1.35463316489904        0.00068086832270      C
       -6.72237924592342       -2.23381520526844       -0.00039873221229      C
       -7.06943614145014       -4.24289473116640       -0.00089818682703      H
       -1.21372875997852        2.05075138845286        0.00101875135378      N
       -2.47010637091837       -5.57185124234716        0.00025473508160      O
       -8.09669976656137        2.07527190772810        0.00001209424720      C
       -9.61699747292877        3.43714215676660       -0.00020409042146      H
        7.31993559091325       -1.12912817802322        0.00006443966085      C
        8.45503700424378       -2.81848210630746        0.00067387633604      H
       -3.62897827122528        1.16668289427042        0.00058770482476      C
        0.55581664126705        0.33945282657386        0.00098568114660      C
       -8.65809620215659       -0.50856366157569       -0.00067141969208      C
      -10.59878824035804       -1.13337609337876       -0.00161155843908      H
        8.38092534714319        1.24816353839396       -0.00078593709523      C
       10.41539863475857        1.41068092997438       -0.00132658773948      H
       -5.64255269968326        2.90000659207710        0.00079141730099      C
       -5.18482815106562        4.88644417544030        0.00113421362000      H
       -4.21378709069626       -1.42783567476108        0.00023791651909      C
        6.98292750302681       -7.07512761859227       -0.00246703745569      Cl
$eht charge=-1 unpaired=0
$end
