$coord
        0.76738886639865        5.04353710818000        0.69812738036952      C
       -0.29821257746582        3.90920727002614       -3.01747858202494      Te
        0.25602481967889        7.76922440211058       -3.67379974031209      C
       -0.03599795986573        8.57906615487144       -5.52292453222722      H
        1.00079933354421        9.13976074618398       -1.69071245239523      C
        1.37188787619773       11.14505288298297       -1.76738393250423      H
        1.35731033989979        7.85423410977186        0.72347408790644      C
        2.06306276518215        8.87987729473123        2.64261946883497      O
        2.41359052068196        3.99159441577167        1.31434288111385      H
       -0.77255953502084        4.66831497860149        1.99678024341586      H
$end
