$coord
        0.48379577715074        1.31896685196818       -3.44887093093167      S
       -1.17304692494030       -0.49935540411564       -4.52062740175664      O
       -0.51389684664459        3.29244639432225       -1.92788234069310      O
        3.00801218797627        1.50376997270886       -4.35599427280709      O
        2.03232939332700       -1.75677179750619        0.59697657701479      Se
        3.46963599747945        0.33507622086924        1.72061528961861      H
       -0.65876249546755       -1.45942584844113        2.72299934749092      C
       -2.50828375192363       -1.40432634793512        4.02573723150086      C
       -4.13978333695738       -1.33037985289783        5.18704668953592      H
$end
