$coord
        4.10199297186245       -6.43404842430847        3.73219681290556      H
        4.80464908088962       -6.77561793311451       -3.20306348246338      H
        3.14648319256612       -7.47757767806476       -2.20085233453146      C
        2.67671806497284       -7.25261542053193        2.48939896286984      C
        1.60760210846181        0.29090614037758       -2.50196431879028      C
        1.17553985164390        0.49201910935464        1.73845392628980      C
        2.11796289958201       -2.25702142002400       -2.44493994325374      C
        1.66190584529674       -2.04398673584456        2.02801212502269      C
        2.15966424186446       -3.52368008594485       -0.11567693910207      C
        1.13753916003130        1.68709910707234       -0.46927247599258      N
        2.65137456997034       -6.03347183931593        0.05422436833770      N
        0.79216015233063        1.64008876821538        3.38686844986503      H
        1.57212968143133        1.27180420118558       -4.29423122004045      H
        2.47408500030114       -3.23598270052688       -4.19080235184250      H
        1.65034166627712       -2.84982019052249        3.89446721728149      H
        3.49089352665530       -9.42743583283368       -1.68576892885322      H
        3.11141932432378       -9.23634899478342        2.24094570885447      H
        0.84907586861501       -7.10870030394966        3.43028188401639      H
        1.54698045027443       -7.42966820751771       -3.49903541166323      H
$end
