$coord
       -0.03079686665294        2.84076330012502       -0.01094586063164      S
       -0.38719108793402       10.02233597878275       -0.42162170895199      O
       -1.39537887268027        5.80082217590814        0.00926324849028      N
        2.89923709559915        4.17913178124207       -0.60733662254780      C
        5.19301803511711        2.93988397070406       -0.91971647676990      C
        5.28719480420892        0.91252210044085       -0.80996061653410      H
        2.76429987886234        6.79401044851283       -0.76243192580116      C
        0.22623045273506        7.81210455554957       -0.39787446560695      C
        7.31291960473037        4.38506997690573       -1.37907299286876      C
        9.10845799984748        3.45079864055139       -1.62773449470306      H
       -4.00656236948695        5.98897426928688        0.47438229543356      C
        7.19071838618305        7.01277610511042       -1.52940486347979      C
        8.88461823963267        8.08613619752474       -1.88934817939552      H
        4.91000093439198        8.22569965278723       -1.22038380847159      C
        4.73306134200107       10.25400903172933       -1.32217031569464      H
       -5.42004085001622        7.96031048427040       -0.53840187016561      C
       -4.50134047898354        9.38792090367742       -1.65084187678231      H
       -5.19922370673775        4.15317790470130        1.92720185031563      C
       -4.10764684345470        2.63787285475515        2.74272015138224      H
       -7.77195014307273        4.28168041501117        2.35555967701144      C
       -8.66869397523607        2.84277264591333        3.48734991222641      H
       -7.98725041990299        8.07414153889394       -0.07626613385527      C
       -9.06519498789564        9.61379778865457       -0.86603842825483      H
       -9.18115916536865        6.24523152527909        1.36277278223562      C
      -11.18695718185120        6.35067824303291        1.70650564950913      H
        3.28498405482873      -11.15247194774823        3.04460994691395      H
        1.13593043618141      -11.10512920606595       -3.61727028404758      H
       -0.13669485100532      -11.30860943495932       -2.00952247770157      C
        1.31208994962807      -11.34106189067004        2.48055088720915      C
        1.04626349848600       -3.47030666128107       -2.09702133261419      C
        2.36065626836954       -3.49975672012500        1.96002223570281      C
        0.65117524507720       -6.03967958963530       -2.11076058640324      C
        2.03440412363922       -6.07054902177143        2.17065961332056      C
        1.14962547037914       -7.44387082215252        0.08227659676724      C
        1.89277066237982       -2.17297547268629       -0.12010135487764      N
        0.79341360766909       -9.98163430162022        0.17897463845451      N
        3.03809776171590       -2.43889281965495        3.57013465634856      H
        0.64872956152671       -2.38180967363593       -3.78020436023848      H
       -0.04013532624298       -6.92740243619754       -3.80420785044602      H
        2.46099467846329       -6.98312308968071        3.93677799623913      H
       -0.29263977512431      -13.30067556758470       -1.56931493436871      H
        0.92102341135768      -13.32801272364869        2.18811501353368      H
        0.13637983366035      -10.67772455722740        4.03789554041406      H
       -1.99743749016201      -10.62893636403239       -2.57781887029561      H
$end
