$coord
        3.20206381734345        1.01746520618246        0.00000000000000      Se
       -2.87141276814024       -0.48964863690391        0.00000000000000      Te
        3.66483128909725       -1.37412398912099       -2.74353896971204      C
        3.66483128909725       -1.37412398912099        2.74353896971204      C
        3.40270435478935       -0.34319467327322       -4.49290927690593      H
        5.55559033801741       -2.15563666857506       -2.67353028597322      H
        2.25856211373341       -2.85920438148474       -2.61107918392460      H
        3.40270435478935       -0.34319467327322        4.49290927690593      H
        2.25856211373341       -2.85920438148474        2.61107918392460      H
        5.55559033801741       -2.15563666857506        2.67353028597322      H
       -6.71669324898705       -1.22133641941101        0.00000000000000      C
       -3.57179383588598        3.49022097312755        0.00000000000000      C
       -1.72912075793291        4.37972129608260        0.00000000000000      H
       -4.61576452966498        3.98186062547636        1.68584867529568      H
       -4.61576452966498        3.98186062547636       -1.68584867529568      H
       -8.84489052731478       -1.67582443409502        0.00000000000000      N
$end
