$coord
        0.82525435903327       -2.96178381778968        0.04516672204978      S
        0.22924475487644        4.36822269055951       -0.09778954749686      O
       -0.68598683488189        0.08678472741013       -0.00757969148585      N
        3.70721444456547       -1.39297476310453        0.01911325694225      C
        6.10115672683929       -2.48725469063624        0.03786330852334      C
        6.26738648539153       -4.51619391529567        0.07306153629314      H
        3.47531084503168        1.22773975638429       -0.03183905061067      C
        0.87790496345438        2.14685983558926       -0.04145416610535      C
        8.18369047411908       -0.92259849808255        0.01233405344279      C
       10.04220096877737       -1.76625954546008        0.03400751133867      H
       -3.32110125641293        0.15712449116598       -0.01200788671368      C
        7.95436200437532        1.70345109620129       -0.03267676620171      C
        9.62331633914428        2.87572342240311       -0.04507960567543      H
        5.58693919367135        2.77978353883703       -0.05606212699389      C
        5.30456138729418        4.79937315452229       -0.09109273605643      H
       -4.67305460069465       -1.95797358361111       -0.82013490198906      C
       -3.67064106309479       -3.60222730820515       -1.48185897623911      H
       -4.66189803560011        2.27186030544497        0.81959330648174      C
       -3.63921378380667        3.91451721146372        1.43029515331227      H
       -7.27305035192574        2.24602756034880        0.82149720555230      C
       -8.27313555796746        3.90224778665439        1.47077365381948      H
       -7.28251069885081       -1.95703892506987       -0.79230037000908      C
       -8.27997920112777       -3.62018896604706       -1.42465715541946      H
       -8.60905100620863        0.14449091613244        0.02015676370826      C
      -10.64821157050352        0.14334574210092        0.03195186726031      H
$end
