$coord
        2.11528137821117        1.41963161776365       -4.02890252275960      Se
       -0.25663425635408        0.95960727245235       -5.82109855928010      O
        2.33372804903892        4.01873466237347       -2.52386700046508      O
        4.60652074535379       -0.23615756201292       -4.42946323405270      O
        0.78324007810458       -1.45088182971388       -0.21616180297047      S
        2.85505548777814       -0.66221011180930        1.04563667633047      H
       -1.35551925747888        0.24540966111906        1.15129787799943      O
       -2.53643216741291       -0.89032556635367        3.30871221193992      C
       -4.06131964059179        0.37709692686675        3.81513745943299      H
       -1.19999366358694       -1.03770889729246        4.86166325190509      H
       -3.28392694203462       -2.74319636236564        2.83704526397483      H
$end
