$coord
        3.01850092385836        0.79122624967984        0.00000000000000      S
        3.60514202177977       -1.32020953586773       -2.59095832501271      C
        3.60514202177977       -1.32020953586773        2.59095832501271      C
        3.28036405239926       -0.26847395744266       -4.31956602230278      H
        5.54623090246739       -1.98146212344969       -2.55630925165473      H
        2.31399533987302       -2.91580281275280       -2.53353994157918      H
        3.28036405239926       -0.26847395744266        4.31956602230278      H
        2.31399533987302       -2.91580281275280        2.53353994157918      H
        5.54623090246739       -1.98146212344969        2.55630925165473      H
$end
