$coord
        0.84356486031778       -3.43805035914209        0.10450922462340      Se
        0.25415493567858        4.22432004616967       -0.20423441858970      O
       -0.77060007800222       -0.01781633790292       -0.08142905460034      N
        3.85720011735047       -1.51766512890320        0.05333241760688      C
        6.30387936452930       -2.46569348247216        0.11114632071829      C
        6.60293721649066       -4.47761893591379        0.19345372002136      H
        3.46277383500311        1.07907330140689       -0.05264776983193      C
        0.83540143243203        1.98078106615438       -0.11085624775816      C
        8.30801479996741       -0.79557526538304        0.06412388761413      C
       10.20989072973349       -1.53524714076666        0.11074588775248      H
       -3.39115548255135        0.16091490382674       -0.06492834402538      C
        7.92352431963809        1.80385545773679       -0.04193415654100      C
        9.51832655716739        3.07508329245436       -0.07777640297407      H
        5.49268475683582        2.73562687540086       -0.10106822232308      C
        5.09028855455788        4.73342057893736       -0.18562288393354      H
       -4.82386098153557       -1.87380915044537       -0.94334183277990      C
       -3.87250198567197       -3.51039871279580       -1.69714961546613      H
       -4.66878797705048        2.28014203018612        0.86001039088990      C
       -3.59273237929200        3.86924920009366        1.52023383362439      H
       -7.27899543031380        2.32998998179181        0.89328582232789      C
       -8.22423700476678        3.98838849540125        1.61625195185203      H
       -7.43190318660529       -1.80261957685129       -0.88696903481112      C
       -8.48593704994313       -3.40705601610913       -1.57795891960795      H
       -8.68719042557124        0.30092679109861        0.02839559166638      C
      -10.72531164049759        0.35928588019697        0.06529646267446      H
$end
