$coord
        2.52179302604331        3.60353556560123       -0.77524219022735      Te
        0.50446465663878        2.86102607746888        2.43826354085545      C
        1.28895630035570        4.28821508795011        4.40286326014993      C
        3.31528241173000        6.01515396809953        3.96492811248193      C
        4.29440129539166        6.10222782360673        1.60734000344832      C
        0.41551146850064        4.13746369813941        6.24219605820512      H
        4.02705437060972        7.19804145286118        5.46912459637712      H
        5.82355633707778        7.30927129947418        1.02567512133088      H
       -1.00456744743670        1.50268035662541        2.46177324562663      H
$end
