$coord
        7.77908215843966        3.51127649058068        4.98350561146134      N
        5.12144239047576        2.49461952026172        3.54142385836459      S
        6.95176176183435        0.75058579964375        1.52743992625541      C
        5.98926131868521       -0.34166286127660        0.11489723810305      H
        9.43933506029519        0.95630006276165        1.95889539201470      C
       10.89108087279326        0.01049383814263        0.89933918202289      H
       10.05212732216478        2.62646930245612        4.05623004122035      C
        7.72083872058012        4.70989216587755        6.45045521549504      H
       12.10101487374092        3.20764115502766        4.91573908776939      O
$end
